      1620
         1          6          5          1          2
         2         11          6          2          9
         3         15         11          9         13
         4       1421         15         13       1417
        25         50         49          5          6
        26         53         50          6         11
        27         55         53         11         15
        28       1465         55         15       1421
        49         74         73         49         50
        50         77         74         50         53
        51         79         77         53         55
        52       1489         79         55       1465
        73         98         97         73         74
        74        101         98         74         77
        75        103        101         77         79
        76       1513        103         79       1489
        97        122        121         97         98
        98        125        122         98        101
        99        127        125        101        103
       100       1537        127        103       1513
       121        146        145        121        122
       122        149        146        122        125
       123        151        149        125        127
       124       1561        151        127       1537
       145        170        169        145        146
       146        173        170        146        149
       147        175        173        149        151
       148       1585        175        151       1561
       169        194        193        169        170
       170        197        194        170        173
       171        199        197        173        175
       172       1609        199        175       1585
       193        218        217        193        194
       194        221        218        194        197
       195        223        221        197        199
       196       1633        223        199       1609
       217        242        241        217        218
       218        245        242        218        221
       219        247        245        221        223
       220       1657        247        223       1633
       241        266        265        241        242
       242        269        266        242        245
       243        271        269        245        247
       244       1681        271        247       1657
       265        290        289        265        266
       266        293        290        266        269
       267        295        293        269        271
       268       1705        295        271       1681
       289        314        313        289        290
       290        317        314        290        293
       291        319        317        293        295
       292       1729        319        295       1705
       316        356        355        353        354
       317        355        358        357        353
       318        358        360        359        357
       325        354        353        377        378
       326        353        357        379        377
       327        357        359        380        379
       334        378        377        393        394
       335        377        379        395        393
       336        379        380        396        395
       367        457        456        313        314
       371        461        457        314        317
       375        464        461        317        319
       379       1872        464        319       1729
       391        478        477        473        474
       392        483        478        474        481
       393       1796        483        481       1812
       400        498        497        477        478
       401        501        498        478        483
       402       1775        501        483       1796
       409        510        509        497        498
       410        513        510        498        501
       411       1776        513        501       1775
       553        738        737        733        734
       554        743        738        734        741
       555        477        743        741        473
       562        758        757        737        738
       563        761        758        738        743
       564        497        761        743        477
       571        770        769        757        758
       572        773        770        758        761
       573        509        773        761        497
       580        783        378        394        781
       581        787        783        781        785
       582        737        787        785        733
       589        797        354        378        783
       590        799        797        783        787
       591        757        799        787        737
       598        805        356        354        797
       599        807        805        797        799
       600        769        807        799        757
       985        456       1227        395        396
       988       1227       1232        393        395
       991       1232        457        394        393
       995        456        457       1232       1227
       998        457       1238        781        394
      1001       1238       1242        785        781
      1004       1242        461        733        785
      1008        457        461       1242       1238
      1011        461       1248        734        733
      1014       1248       1252        741        734
      1017       1252        464        473        741
      1021        461        464       1252       1248
      1024        464       1258        474        473
      1027       1258       1262        481        474
      1030       1262       1872       1812        481
      1034        464       1872       1262       1258
      1297       1422       1421       1417       1418
      1298       1427       1422       1418       1425
      1299       1431       1427       1425       1429
      1300       2837       1431       1429       2833
      1321       1466       1465       1421       1422
      1322       1469       1466       1422       1427
      1323       1471       1469       1427       1431
      1324       2881       1471       1431       2837
      1345       1490       1489       1465       1466
      1346       1493       1490       1466       1469
      1347       1495       1493       1469       1471
      1348       2905       1495       1471       2881
      1369       1514       1513       1489       1490
      1370       1517       1514       1490       1493
      1371       1519       1517       1493       1495
      1372       2929       1519       1495       2905
      1393       1538       1537       1513       1514
      1394       1541       1538       1514       1517
      1395       1543       1541       1517       1519
      1396       2953       1543       1519       2929
      1417       1562       1561       1537       1538
      1418       1565       1562       1538       1541
      1419       1567       1565       1541       1543
      1420       2977       1567       1543       2953
      1441       1586       1585       1561       1562
      1442       1589       1586       1562       1565
      1443       1591       1589       1565       1567
      1444       3001       1591       1567       2977
      1465       1610       1609       1585       1586
      1466       1613       1610       1586       1589
      1467       1615       1613       1589       1591
      1468       3025       1615       1591       3001
      1489       1634       1633       1609       1610
      1490       1637       1634       1610       1613
      1491       1639       1637       1613       1615
      1492       3049       1639       1615       3025
      1513       1658       1657       1633       1634
      1514       1661       1658       1634       1637
      1515       1663       1661       1637       1639
      1516       3073       1663       1639       3049
      1537       1682       1681       1657       1658
      1538       1685       1682       1658       1661
      1539       1687       1685       1661       1663
      1540       3097       1687       1663       3073
      1561       1706       1705       1681       1682
      1562       1709       1706       1682       1685
      1563       1711       1709       1685       1687
      1564       3121       1711       1687       3097
      1585       1730       1729       1705       1706
      1586       1733       1730       1706       1709
      1587       1735       1733       1709       1711
      1588       3145       1735       1711       3121
      1612       1772       1771       1769       1770
      1613       1771       1774       1773       1769
      1614       1774       1776       1775       1773
      1621       1770       1769       1793       1794
      1622       1769       1773       1795       1793
      1623       1773       1775       1796       1795
      1630       1794       1793       1809       1810
      1631       1793       1795       1811       1809
      1632       1795       1796       1812       1811
      1663       1873       1872       1729       1730
      1667       1877       1873       1730       1733
      1671       1880       1877       1733       1735
      1675       3288       1880       1735       3145
      1687       1894       1893       1889       1890
      1688       1899       1894       1890       1897
      1689       3212       1899       1897       3228
      1696       1914       1913       1893       1894
      1697       1917       1914       1894       1899
      1698       3191       1917       1899       3212
      1705       1926       1925       1913       1914
      1706       1929       1926       1914       1917
      1707       3192       1929       1917       3191
      1849       2154       2153       2149       2150
      1850       2159       2154       2150       2157
      1851       1893       2159       2157       1889
      1858       2174       2173       2153       2154
      1859       2177       2174       2154       2159
      1860       1913       2177       2159       1893
      1867       2186       2185       2173       2174
      1868       2189       2186       2174       2177
      1869       1925       2189       2177       1913
      1876       2199       1794       1810       2197
      1877       2203       2199       2197       2201
      1878       2153       2203       2201       2149
      1885       2213       1770       1794       2199
      1886       2215       2213       2199       2203
      1887       2173       2215       2203       2153
      1894       2221       1772       1770       2213
      1895       2223       2221       2213       2215
      1896       2185       2223       2215       2173
      2281       1872       2643       1811       1812
      2284       2643       2648       1809       1811
      2287       2648       1873       1810       1809
      2291       1872       1873       2648       2643
      2294       1873       2654       2197       1810
      2297       2654       2658       2201       2197
      2300       2658       1877       2149       2201
      2304       1873       1877       2658       2654
      2307       1877       2664       2150       2149
      2310       2664       2668       2157       2150
      2313       2668       1880       1889       2157
      2317       1877       1880       2668       2664
      2320       1880       2674       1890       1889
      2323       2674       2678       1897       1890
      2326       2678       3288       3228       1897
      2330       1880       3288       2678       2674
      2593       2838       2837       2833       2834
      2594       2843       2838       2834       2841
      2595       2847       2843       2841       2845
      2596       4253       2847       2845       4249
      2617       2882       2881       2837       2838
      2618       2885       2882       2838       2843
      2619       2887       2885       2843       2847
      2620       4297       2887       2847       4253
      2641       2906       2905       2881       2882
      2642       2909       2906       2882       2885
      2643       2911       2909       2885       2887
      2644       4321       2911       2887       4297
      2665       2930       2929       2905       2906
      2666       2933       2930       2906       2909
      2667       2935       2933       2909       2911
      2668       4345       2935       2911       4321
      2689       2954       2953       2929       2930
      2690       2957       2954       2930       2933
      2691       2959       2957       2933       2935
      2692       4369       2959       2935       4345
      2713       2978       2977       2953       2954
      2714       2981       2978       2954       2957
      2715       2983       2981       2957       2959
      2716       4393       2983       2959       4369
      2737       3002       3001       2977       2978
      2738       3005       3002       2978       2981
      2739       3007       3005       2981       2983
      2740       4417       3007       2983       4393
      2761       3026       3025       3001       3002
      2762       3029       3026       3002       3005
      2763       3031       3029       3005       3007
      2764       4441       3031       3007       4417
      2785       3050       3049       3025       3026
      2786       3053       3050       3026       3029
      2787       3055       3053       3029       3031
      2788       4842       3055       3031       4441
      2809       3074       3073       3049       3050
      2810       3077       3074       3050       3053
      2811       3079       3077       3053       3055
      2812       4866       3079       3055       4842
      2833       3098       3097       3073       3074
      2834       3101       3098       3074       3077
      2835       3103       3101       3077       3079
      2836       4890       3103       3079       4866
      2857       3122       3121       3097       3098
      2858       3125       3122       3098       3101
      2859       3127       3125       3101       3103
      2860       4914       3127       3103       4890
      2881       3146       3145       3121       3122
      2882       3149       3146       3122       3125
      2883       3151       3149       3125       3127
      2884       4938       3151       3127       4914
      2908       3188       3187       3185       3186
      2909       3187       3190       3189       3185
      2910       3190       3192       3191       3189
      2917       3186       3185       3209       3210
      2918       3185       3189       3211       3209
      2919       3189       3191       3212       3211
      2926       3210       3209       3225       3226
      2927       3209       3211       3227       3225
      2928       3211       3212       3228       3227
      2959       3289       3288       3145       3146
      2963       3293       3289       3146       3149
      2967       3296       3293       3149       3151
      2971       5054       3296       3151       4938
      2983       3310       3309       3305       3306
      2984       3315       3310       3306       3313
      2985       5005       3315       3313       5017
      2992       3330       3329       3309       3310
      2993       3333       3330       3310       3315
      2994       4984       3333       3315       5005
      3001       3342       3341       3329       3330
      3002       3345       3342       3330       3333
      3003       4985       3345       3333       4984
      3145       3570       3569       3565       3566
      3146       3575       3570       3566       3573
      3147       3309       3575       3573       3305
      3154       3590       3589       3569       3570
      3155       3593       3590       3570       3575
      3156       3329       3593       3575       3309
      3163       3602       3601       3589       3590
      3164       3605       3602       3590       3593
      3165       3341       3605       3593       3329
      3172       3615       3210       3226       3613
      3173       3619       3615       3613       3617
      3174       3569       3619       3617       3565
      3181       3629       3186       3210       3615
      3182       3631       3629       3615       3619
      3183       3589       3631       3619       3569
      3190       3637       3188       3186       3629
      3191       3639       3637       3629       3631
      3192       3601       3639       3631       3589
      3577       3288       4059       3227       3228
      3580       4059       4064       3225       3227
      3583       4064       3289       3226       3225
      3587       3288       3289       4064       4059
      3590       3289       4070       3613       3226
      3593       4070       4074       3617       3613
      3596       4074       3293       3565       3617
      3600       3289       3293       4074       4070
      3603       3293       4080       3566       3565
      3606       4080       4084       3573       3566
      3609       4084       3296       3305       3573
      3613       3293       3296       4084       4080
      3616       3296       4090       3306       3305
      3619       4090       4094       3313       3306
      3622       4094       5054       5017       3313
      3626       3296       5054       4094       4090
      3889       4254       4253       4249       4250
      3890       4259       4254       4250       4257
      3891       4263       4259       4257       4261
      3892       5669       4263       4261       5665
      3913       4298       4297       4253       4254
      3914       4301       4298       4254       4259
      3915       4303       4301       4259       4263
      3916       5713       4303       4263       5669
      3937       4322       4321       4297       4298
      3938       4325       4322       4298       4301
      3939       4327       4325       4301       4303
      3940       5737       4327       4303       5713
      3961       4346       4345       4321       4322
      3962       4349       4346       4322       4325
      3963       4351       4349       4325       4327
      3964       5761       4351       4327       5737
      3985       4370       4369       4345       4346
      3986       4373       4370       4346       4349
      3987       4375       4373       4349       4351
      3988       5785       4375       4351       5761
      4009       4394       4393       4369       4370
      4010       4397       4394       4370       4373
      4011       4399       4397       4373       4375
      4012       5809       4399       4375       5785
      4033       4418       4417       4393       4394
      4034       4421       4418       4394       4397
      4035       4423       4421       4397       4399
      4036       5833       4423       4399       5809
      4057       4442       4441       4417       4418
      4058       4445       4442       4418       4421
      4059       4447       4445       4421       4423
      4060       5857       4447       4423       5833
      4083       4480       4482       4479       4477
      4086       4482       6470       6433       4479
      4090       4487       6470       4482       4480
      4353       4843       4842       4441       4442
      4354       4846       4843       4442       4445
      4355       4848       4846       4445       4447
      4356       6258       4848       4447       5857
      4377       4867       4866       4842       4843
      4378       4870       4867       4843       4846
      4379       4872       4870       4846       4848
      4380       6282       4872       4848       6258
      4401       4891       4890       4866       4867
      4402       4894       4891       4867       4870
      4403       4896       4894       4870       4872
      4404       6306       4896       4872       6282
      4425       4915       4914       4890       4891
      4426       4918       4915       4891       4894
      4427       4920       4918       4894       4896
      4428       6330       4920       4896       6306
      4449       4939       4938       4914       4915
      4450       4942       4939       4915       4918
      4451       4944       4942       4918       4920
      4452       6354       4944       4920       6330
      4476       4981       4980       4978       4979
      4477       4980       4983       4982       4978
      4478       4983       4985       4984       4982
      4485       4979       4978       5002       5003
      4486       4978       4982       5004       5002
      4487       4982       4984       5005       5004
      4494       5003       5002       5014       5015
      4495       5002       5004       5016       5014
      4496       5004       5005       5017       5016
      4527       5055       5054       4938       4939
      4531       5056       5055       4939       4942
      4535       4487       5056       4942       4944
      4539       6470       4487       4944       6354
      4551       5063       5062       5061       4477
      4552       5066       5063       4477       4479
      4553       6421       5066       4479       6433
      4560       5075       5074       5062       5063
      4561       5078       5075       5063       5066
      4562       6400       5078       5066       6421
      4569       5087       5086       5074       5075
      4570       5090       5087       5075       5078
      4571       6401       5090       5078       6400
      4713       5262       5261       5257       5258
      4714       5267       5262       5258       5265
      4715       5062       5267       5265       5061
      4722       5279       5278       5261       5262
      4723       5282       5279       5262       5267
      4724       5074       5282       5267       5062
      4731       5291       5290       5278       5279
      4732       5294       5291       5279       5282
      4733       5086       5294       5282       5074
      4740       5304       5003       5015       5302
      4741       5308       5304       5302       5306
      4742       5261       5308       5306       5257
      4749       5316       4979       5003       5304
      4750       5318       5316       5304       5308
      4751       5278       5318       5308       5261
      4758       5324       4981       4979       5316
      4759       5326       5324       5316       5318
      4760       5290       5326       5318       5278
      5145       5054       5643       5016       5017
      5148       5643       5647       5014       5016
      5151       5647       5055       5015       5014
      5155       5054       5055       5647       5643
      5158       5055       5652       5302       5015
      5161       5652       5655       5306       5302
      5164       5655       5056       5257       5306
      5168       5055       5056       5655       5652
      5171       5056       5660       5258       5257
      5174       5660       5663       5265       5258
      5177       5663       4487       5061       5265
      5181       5056       4487       5663       5660
      5184       4487       4480       4477       5061
      5185       5670       5669       5665       5666
      5186       5675       5670       5666       5673
      5187       5679       5675       5673       5677
      5188       7085       5679       5677       7081
      5209       5714       5713       5669       5670
      5210       5717       5714       5670       5675
      5211       5719       5717       5675       5679
      5212       7129       5719       5679       7085
      5233       5738       5737       5713       5714
      5234       5741       5738       5714       5717
      5235       5743       5741       5717       5719
      5236       7153       5743       5719       7129
      5257       5762       5761       5737       5738
      5258       5765       5762       5738       5741
      5259       5767       5765       5741       5743
      5260       7177       5767       5743       7153
      5281       5786       5785       5761       5762
      5282       5789       5786       5762       5765
      5283       5791       5789       5765       5767
      5284       7201       5791       5767       7177
      5305       5810       5809       5785       5786
      5306       5813       5810       5786       5789
      5307       5815       5813       5789       5791
      5308       7225       5815       5791       7201
      5329       5834       5833       5809       5810
      5330       5837       5834       5810       5813
      5331       5839       5837       5813       5815
      5332       7249       5839       5815       7225
      5353       5858       5857       5833       5834
      5354       5861       5858       5834       5837
      5355       5863       5861       5837       5839
      5356       7273       5863       5839       7249
      5379       5896       5898       5895       5893
      5382       5898       7886       7849       5895
      5386       5903       7886       5898       5896
      5649       6259       6258       5857       5858
      5650       6262       6259       5858       5861
      5651       6264       6262       5861       5863
      5652       7674       6264       5863       7273
      5673       6283       6282       6258       6259
      5674       6286       6283       6259       6262
      5675       6288       6286       6262       6264
      5676       7698       6288       6264       7674
      5697       6307       6306       6282       6283
      5698       6310       6307       6283       6286
      5699       6312       6310       6286       6288
      5700       7722       6312       6288       7698
      5721       6331       6330       6306       6307
      5722       6334       6331       6307       6310
      5723       6336       6334       6310       6312
      5724       7746       6336       6312       7722
      5745       6355       6354       6330       6331
      5746       6358       6355       6331       6334
      5747       6360       6358       6334       6336
      5748       7770       6360       6336       7746
      5772       6397       6396       6394       6395
      5773       6396       6399       6398       6394
      5774       6399       6401       6400       6398
      5781       6395       6394       6418       6419
      5782       6394       6398       6420       6418
      5783       6398       6400       6421       6420
      5790       6419       6418       6430       6431
      5791       6418       6420       6432       6430
      5792       6420       6421       6433       6432
      5823       6471       6470       6354       6355
      5827       6472       6471       6355       6358
      5831       5903       6472       6358       6360
      5835       7886       5903       6360       7770
      5847       6479       6478       6477       5893
      5848       6482       6479       5893       5895
      5849       7837       6482       5895       7849
      5856       6491       6490       6478       6479
      5857       6494       6491       6479       6482
      5858       7816       6494       6482       7837
      5865       6503       6502       6490       6491
      5866       6506       6503       6491       6494
      5867       7817       6506       6494       7816
      6009       6678       6677       6673       6674
      6010       6683       6678       6674       6681
      6011       6478       6683       6681       6477
      6018       6695       6694       6677       6678
      6019       6698       6695       6678       6683
      6020       6490       6698       6683       6478
      6027       6707       6706       6694       6695
      6028       6710       6707       6695       6698
      6029       6502       6710       6698       6490
      6036       6720       6419       6431       6718
      6037       6724       6720       6718       6722
      6038       6677       6724       6722       6673
      6045       6732       6395       6419       6720
      6046       6734       6732       6720       6724
      6047       6694       6734       6724       6677
      6054       6740       6397       6395       6732
      6055       6742       6740       6732       6734
      6056       6706       6742       6734       6694
      6441       6470       7059       6432       6433
      6444       7059       7063       6430       6432
      6447       7063       6471       6431       6430
      6451       6470       6471       7063       7059
      6454       6471       7068       6718       6431
      6457       7068       7071       6722       6718
      6460       7071       6472       6673       6722
      6464       6471       6472       7071       7068
      6467       6472       7076       6674       6673
      6470       7076       7079       6681       6674
      6473       7079       5903       6477       6681
      6477       6472       5903       7079       7076
      6480       5903       5896       5893       6477
      6481       7086       7085       7081       7082
      6482       7091       7086       7082       7089
      6483       7095       7091       7089       7093
      6484       8501       7095       7093       8497
      6505       7130       7129       7085       7086
      6506       7133       7130       7086       7091
      6507       7135       7133       7091       7095
      6508       8545       7135       7095       8501
      6529       7154       7153       7129       7130
      6530       7157       7154       7130       7133
      6531       7159       7157       7133       7135
      6532       8569       7159       7135       8545
      6553       7178       7177       7153       7154
      6554       7181       7178       7154       7157
      6555       7183       7181       7157       7159
      6556       8593       7183       7159       8569
      6577       7202       7201       7177       7178
      6578       7205       7202       7178       7181
      6579       7207       7205       7181       7183
      6580       8617       7207       7183       8593
      6601       7226       7225       7201       7202
      6602       7229       7226       7202       7205
      6603       7231       7229       7205       7207
      6604       8641       7231       7207       8617
      6625       7250       7249       7225       7226
      6626       7253       7250       7226       7229
      6627       7255       7253       7229       7231
      6628       8665       7255       7231       8641
      6649       7274       7273       7249       7250
      6650       7277       7274       7250       7253
      6651       7279       7277       7253       7255
      6652       8689       7279       7255       8665
      6675       7312       7314       7311       7309
      6678       7314       8952       8892       7311
      6682       7319       8952       7314       7312
      6945       7675       7674       7273       7274
      6946       7678       7675       7274       7277
      6947       7680       7678       7277       7279
      6948       8713       7680       7279       8689
      6969       7699       7698       7674       7675
      6970       7702       7699       7675       7678
      6971       7704       7702       7678       7680
      6972       8737       7704       7680       8713
      6993       7723       7722       7698       7699
      6994       7726       7723       7699       7702
      6995       7728       7726       7702       7704
      6996       8761       7728       7704       8737
      7017       7747       7746       7722       7723
      7018       7750       7747       7723       7726
      7019       7752       7750       7726       7728
      7020       8785       7752       7728       8761
      7041       7771       7770       7746       7747
      7042       7774       7771       7747       7750
      7043       7776       7774       7750       7752
      7044       8809       7776       7752       8785
      7068       7813       7812       7810       7811
      7069       7812       7815       7814       7810
      7070       7815       7817       7816       7814
      7077       7811       7810       7834       7835
      7078       7810       7814       7836       7834
      7079       7814       7816       7837       7836
      7086       7835       7834       7846       7847
      7087       7834       7836       7848       7846
      7088       7836       7837       7849       7848
      7119       7887       7886       7770       7771
      7123       7888       7887       7771       7774
      7127       7319       7888       7774       7776
      7131       8952       7319       7776       8809
      7143       7895       7894       7893       7309
      7144       7898       7895       7309       7311
      7145       8876       7898       7311       8892
      7152       7907       7906       7894       7895
      7153       7910       7907       7895       7898
      7154       8855       7910       7898       8876
      7161       7919       7918       7906       7907
      7162       7922       7919       7907       7910
      7163       8856       7922       7910       8855
      7305       8094       8093       8089       8090
      7306       8099       8094       8090       8097
      7307       7894       8099       8097       7893
      7314       8111       8110       8093       8094
      7315       8114       8111       8094       8099
      7316       7906       8114       8099       7894
      7323       8123       8122       8110       8111
      7324       8126       8123       8111       8114
      7325       7918       8126       8114       7906
      7332       8136       7835       7847       8134
      7333       8140       8136       8134       8138
      7334       8093       8140       8138       8089
      7341       8148       7811       7835       8136
      7342       8150       8148       8136       8140
      7343       8110       8150       8140       8093
      7350       8156       7813       7811       8148
      7351       8158       8156       8148       8150
      7352       8122       8158       8150       8110
      7737       7886       8475       7848       7849
      7740       8475       8479       7846       7848
      7743       8479       7887       7847       7846
      7747       7886       7887       8479       8475
      7750       7887       8484       8134       7847
      7753       8484       8487       8138       8134
      7756       8487       7888       8089       8138
      7760       7887       7888       8487       8484
      7763       7888       8492       8090       8089
      7766       8492       8495       8097       8090
      7769       8495       7319       7893       8097
      7773       7888       7319       8495       8492
      7776       7319       7312       7309       7893
      7777       8502       8501       8497       8498
      7778       8507       8502       8498       8505
      7779       8511       8507       8505       8509
      7780       9917       8511       8509       9913
      7801       8546       8545       8501       8502
      7802       8549       8546       8502       8507
      7803       8551       8549       8507       8511
      7804       9961       8551       8511       9917
      7825       8570       8569       8545       8546
      7826       8573       8570       8546       8549
      7827       8575       8573       8549       8551
      7828       9985       8575       8551       9961
      7849       8594       8593       8569       8570
      7850       8597       8594       8570       8573
      7851       8599       8597       8573       8575
      7852      10009       8599       8575       9985
      7873       8618       8617       8593       8594
      7874       8621       8618       8594       8597
      7875       8623       8621       8597       8599
      7876      10033       8623       8599      10009
      7897       8642       8641       8617       8618
      7898       8645       8642       8618       8621
      7899       8647       8645       8621       8623
      7900      10057       8647       8623      10033
      7921       8666       8665       8641       8642
      7922       8669       8666       8642       8645
      7923       8671       8669       8645       8647
      7924      10081       8671       8647      10057
      7945       8690       8689       8665       8666
      7946       8693       8690       8666       8669
      7947       8695       8693       8669       8671
      7948      10105       8695       8671      10081
      7969       8714       8713       8689       8690
      7970       8717       8714       8690       8693
      7971       8719       8717       8693       8695
      7972      10129       8719       8695      10105
      7993       8738       8737       8713       8714
      7994       8741       8738       8714       8717
      7995       8743       8741       8717       8719
      7996      10153       8743       8719      10129
      8017       8762       8761       8737       8738
      8018       8765       8762       8738       8741
      8019       8767       8765       8741       8743
      8020      10177       8767       8743      10153
      8041       8786       8785       8761       8762
      8042       8789       8786       8762       8765
      8043       8791       8789       8765       8767
      8044      10201       8791       8767      10177
      8065       8810       8809       8785       8786
      8066       8813       8810       8786       8789
      8067       8815       8813       8789       8791
      8068      10225       8815       8791      10201
      8092       8852       8851       8849       8850
      8093       8851       8854       8853       8849
      8094       8854       8856       8855       8853
      8101       8850       8849       8873       8874
      8102       8849       8853       8875       8873
      8103       8853       8855       8876       8875
      8110       8874       8873       8889       8890
      8111       8873       8875       8891       8889
      8112       8875       8876       8892       8891
      8143       8953       8952       8809       8810
      8147       8957       8953       8810       8813
      8151       8960       8957       8813       8815
      8155      10368       8960       8815      10225
      8167       8974       8973       8969       8970
      8168       8979       8974       8970       8977
      8169      10292       8979       8977      10308
      8176       8994       8993       8973       8974
      8177       8997       8994       8974       8979
      8178      10271       8997       8979      10292
      8185       9006       9005       8993       8994
      8186       9009       9006       8994       8997
      8187      10272       9009       8997      10271
      8329       9234       9233       9229       9230
      8330       9239       9234       9230       9237
      8331       8973       9239       9237       8969
      8338       9254       9253       9233       9234
      8339       9257       9254       9234       9239
      8340       8993       9257       9239       8973
      8347       9266       9265       9253       9254
      8348       9269       9266       9254       9257
      8349       9005       9269       9257       8993
      8356       9279       8874       8890       9277
      8357       9283       9279       9277       9281
      8358       9233       9283       9281       9229
      8365       9293       8850       8874       9279
      8366       9295       9293       9279       9283
      8367       9253       9295       9283       9233
      8374       9301       8852       8850       9293
      8375       9303       9301       9293       9295
      8376       9265       9303       9295       9253
      8761       8952       9723       8891       8892
      8764       9723       9728       8889       8891
      8767       9728       8953       8890       8889
      8771       8952       8953       9728       9723
      8774       8953       9734       9277       8890
      8777       9734       9738       9281       9277
      8780       9738       8957       9229       9281
      8784       8953       8957       9738       9734
      8787       8957       9744       9230       9229
      8790       9744       9748       9237       9230
      8793       9748       8960       8969       9237
      8797       8957       8960       9748       9744
      8800       8960       9754       8970       8969
      8803       9754       9758       8977       8970
      8806       9758      10368      10308       8977
      8810       8960      10368       9758       9754
      9073       9918       9917       9913       9914
      9074       9923       9918       9914       9921
      9075       9927       9923       9921       9925
      9076      11333       9927       9925      11329
      9097       9962       9961       9917       9918
      9098       9965       9962       9918       9923
      9099       9967       9965       9923       9927
      9100      11377       9967       9927      11333
      9121       9986       9985       9961       9962
      9122       9989       9986       9962       9965
      9123       9991       9989       9965       9967
      9124      11401       9991       9967      11377
      9145      10010      10009       9985       9986
      9146      10013      10010       9986       9989
      9147      10015      10013       9989       9991
      9148      11425      10015       9991      11401
      9169      10034      10033      10009      10010
      9170      10037      10034      10010      10013
      9171      10039      10037      10013      10015
      9172      11449      10039      10015      11425
      9193      10058      10057      10033      10034
      9194      10061      10058      10034      10037
      9195      10063      10061      10037      10039
      9196      11473      10063      10039      11449
      9217      10082      10081      10057      10058
      9218      10085      10082      10058      10061
      9219      10087      10085      10061      10063
      9220      11497      10087      10063      11473
      9241      10106      10105      10081      10082
      9242      10109      10106      10082      10085
      9243      10111      10109      10085      10087
      9244      11521      10111      10087      11497
      9265      10130      10129      10105      10106
      9266      10133      10130      10106      10109
      9267      10135      10133      10109      10111
      9268      11545      10135      10111      11521
      9289      10154      10153      10129      10130
      9290      10157      10154      10130      10133
      9291      10159      10157      10133      10135
      9292      11569      10159      10135      11545
      9313      10178      10177      10153      10154
      9314      10181      10178      10154      10157
      9315      10183      10181      10157      10159
      9316      11593      10183      10159      11569
      9337      10202      10201      10177      10178
      9338      10205      10202      10178      10181
      9339      10207      10205      10181      10183
      9340      11617      10207      10183      11593
      9361      10226      10225      10201      10202
      9362      10229      10226      10202      10205
      9363      10231      10229      10205      10207
      9364      11641      10231      10207      11617
      9388      10268      10267      10265      10266
      9389      10267      10270      10269      10265
      9390      10270      10272      10271      10269
      9397      10266      10265      10289      10290
      9398      10265      10269      10291      10289
      9399      10269      10271      10292      10291
      9406      10290      10289      10305      10306
      9407      10289      10291      10307      10305
      9408      10291      10292      10308      10307
      9439      10369      10368      10225      10226
      9443      10373      10369      10226      10229
      9447      10376      10373      10229      10231
      9451      11784      10376      10231      11641
      9463      10390      10389      10385      10386
      9464      10395      10390      10386      10393
      9465      11708      10395      10393      11724
      9472      10410      10409      10389      10390
      9473      10413      10410      10390      10395
      9474      11687      10413      10395      11708
      9481      10422      10421      10409      10410
      9482      10425      10422      10410      10413
      9483      11688      10425      10413      11687
      9625      10650      10649      10645      10646
      9626      10655      10650      10646      10653
      9627      10389      10655      10653      10385
      9634      10670      10669      10649      10650
      9635      10673      10670      10650      10655
      9636      10409      10673      10655      10389
      9643      10682      10681      10669      10670
      9644      10685      10682      10670      10673
      9645      10421      10685      10673      10409
      9652      10695      10290      10306      10693
      9653      10699      10695      10693      10697
      9654      10649      10699      10697      10645
      9661      10709      10266      10290      10695
      9662      10711      10709      10695      10699
      9663      10669      10711      10699      10649
      9670      10717      10268      10266      10709
      9671      10719      10717      10709      10711
      9672      10681      10719      10711      10669
     10057      10368      11139      10307      10308
     10060      11139      11144      10305      10307
     10063      11144      10369      10306      10305
     10067      10368      10369      11144      11139
     10070      10369      11150      10693      10306
     10073      11150      11154      10697      10693
     10076      11154      10373      10645      10697
     10080      10369      10373      11154      11150
     10083      10373      11160      10646      10645
     10086      11160      11164      10653      10646
     10089      11164      10376      10385      10653
     10093      10373      10376      11164      11160
     10096      10376      11170      10386      10385
     10099      11170      11174      10393      10386
     10102      11174      11784      11724      10393
     10106      10376      11784      11174      11170
     10369      11334      11333      11329      11330
     10370      11339      11334      11330      11337
     10371      11343      11339      11337      11341
     10372      12749      11343      11341      12745
     10393      11378      11377      11333      11334
     10394      11381      11378      11334      11339
     10395      11383      11381      11339      11343
     10396      12793      11383      11343      12749
     10417      11402      11401      11377      11378
     10418      11405      11402      11378      11381
     10419      11407      11405      11381      11383
     10420      12817      11407      11383      12793
     10441      11426      11425      11401      11402
     10442      11429      11426      11402      11405
     10443      11431      11429      11405      11407
     10444      12841      11431      11407      12817
     10465      11450      11449      11425      11426
     10466      11453      11450      11426      11429
     10467      11455      11453      11429      11431
     10468      12865      11455      11431      12841
     10489      11474      11473      11449      11450
     10490      11477      11474      11450      11453
     10491      11479      11477      11453      11455
     10492      12889      11479      11455      12865
     10513      11498      11497      11473      11474
     10514      11501      11498      11474      11477
     10515      11503      11501      11477      11479
     10516      12913      11503      11479      12889
     10537      11522      11521      11497      11498
     10538      11525      11522      11498      11501
     10539      11527      11525      11501      11503
     10540      12937      11527      11503      12913
     10561      11546      11545      11521      11522
     10562      11549      11546      11522      11525
     10563      11551      11549      11525      11527
     10564      12961      11551      11527      12937
     10585      11570      11569      11545      11546
     10586      11573      11570      11546      11549
     10587      11575      11573      11549      11551
     10588      12985      11575      11551      12961
     10609      11594      11593      11569      11570
     10610      11597      11594      11570      11573
     10611      11599      11597      11573      11575
     10612      13009      11599      11575      12985
     10633      11618      11617      11593      11594
     10634      11621      11618      11594      11597
     10635      11623      11621      11597      11599
     10636      13033      11623      11599      13009
     10657      11642      11641      11617      11618
     10658      11645      11642      11618      11621
     10659      11647      11645      11621      11623
     10660      13057      11647      11623      13033
     10684      11684      11683      11681      11682
     10685      11683      11686      11685      11681
     10686      11686      11688      11687      11685
     10693      11682      11681      11705      11706
     10694      11681      11685      11707      11705
     10695      11685      11687      11708      11707
     10702      11706      11705      11721      11722
     10703      11705      11707      11723      11721
     10704      11707      11708      11724      11723
     10735      11785      11784      11641      11642
     10739      11789      11785      11642      11645
     10743      11792      11789      11645      11647
     10747      13200      11792      11647      13057
     10759      11806      11805      11801      11802
     10760      11811      11806      11802      11809
     10761      13124      11811      11809      13140
     10768      11826      11825      11805      11806
     10769      11829      11826      11806      11811
     10770      13103      11829      11811      13124
     10777      11838      11837      11825      11826
     10778      11841      11838      11826      11829
     10779      13104      11841      11829      13103
     10921      12066      12065      12061      12062
     10922      12071      12066      12062      12069
     10923      11805      12071      12069      11801
     10930      12086      12085      12065      12066
     10931      12089      12086      12066      12071
     10932      11825      12089      12071      11805
     10939      12098      12097      12085      12086
     10940      12101      12098      12086      12089
     10941      11837      12101      12089      11825
     10948      12111      11706      11722      12109
     10949      12115      12111      12109      12113
     10950      12065      12115      12113      12061
     10957      12125      11682      11706      12111
     10958      12127      12125      12111      12115
     10959      12085      12127      12115      12065
     10966      12133      11684      11682      12125
     10967      12135      12133      12125      12127
     10968      12097      12135      12127      12085
     11353      11784      12555      11723      11724
     11356      12555      12560      11721      11723
     11359      12560      11785      11722      11721
     11363      11784      11785      12560      12555
     11366      11785      12566      12109      11722
     11369      12566      12570      12113      12109
     11372      12570      11789      12061      12113
     11376      11785      11789      12570      12566
     11379      11789      12576      12062      12061
     11382      12576      12580      12069      12062
     11385      12580      11792      11801      12069
     11389      11789      11792      12580      12576
     11392      11792      12586      11802      11801
     11395      12586      12590      11809      11802
     11398      12590      13200      13140      11809
     11402      11792      13200      12590      12586
     11665      12750      12749      12745      12746
     11666      12755      12750      12746      12753
     11667      12759      12755      12753      12757
     11668      14165      12759      12757      14161
     11689      12794      12793      12749      12750
     11690      12797      12794      12750      12755
     11691      12799      12797      12755      12759
     11692      14209      12799      12759      14165
     11713      12818      12817      12793      12794
     11714      12821      12818      12794      12797
     11715      12823      12821      12797      12799
     11716      14233      12823      12799      14209
     11737      12842      12841      12817      12818
     11738      12845      12842      12818      12821
     11739      12847      12845      12821      12823
     11740      14257      12847      12823      14233
     11761      12866      12865      12841      12842
     11762      12869      12866      12842      12845
     11763      12871      12869      12845      12847
     11764      14281      12871      12847      14257
     11785      12890      12889      12865      12866
     11786      12893      12890      12866      12869
     11787      12895      12893      12869      12871
     11788      14305      12895      12871      14281
     11809      12914      12913      12889      12890
     11810      12917      12914      12890      12893
     11811      12919      12917      12893      12895
     11812      14329      12919      12895      14305
     11833      12938      12937      12913      12914
     11834      12941      12938      12914      12917
     11835      12943      12941      12917      12919
     11836      14353      12943      12919      14329
     11857      12962      12961      12937      12938
     11858      12965      12962      12938      12941
     11859      12967      12965      12941      12943
     11860      14377      12967      12943      14353
     11881      12986      12985      12961      12962
     11882      12989      12986      12962      12965
     11883      12991      12989      12965      12967
     11884      14401      12991      12967      14377
     11905      13010      13009      12985      12986
     11906      13013      13010      12986      12989
     11907      13015      13013      12989      12991
     11908      14425      13015      12991      14401
     11929      13034      13033      13009      13010
     11930      13037      13034      13010      13013
     11931      13039      13037      13013      13015
     11932      14449      13039      13015      14425
     11953      13058      13057      13033      13034
     11954      13061      13058      13034      13037
     11955      13063      13061      13037      13039
     11956      14473      13063      13039      14449
     11980      13100      13099      13097      13098
     11981      13099      13102      13101      13097
     11982      13102      13104      13103      13101
     11989      13098      13097      13121      13122
     11990      13097      13101      13123      13121
     11991      13101      13103      13124      13123
     11998      13122      13121      13137      13138
     11999      13121      13123      13139      13137
     12000      13123      13124      13140      13139
     12031      13201      13200      13057      13058
     12035      13205      13201      13058      13061
     12039      13208      13205      13061      13063
     12043      14616      13208      13063      14473
     12055      13222      13221      13217      13218
     12056      13227      13222      13218      13225
     12057      14540      13227      13225      14556
     12064      13242      13241      13221      13222
     12065      13245      13242      13222      13227
     12066      14519      13245      13227      14540
     12073      13254      13253      13241      13242
     12074      13257      13254      13242      13245
     12075      14520      13257      13245      14519
     12217      13482      13481      13477      13478
     12218      13487      13482      13478      13485
     12219      13221      13487      13485      13217
     12226      13502      13501      13481      13482
     12227      13505      13502      13482      13487
     12228      13241      13505      13487      13221
     12235      13514      13513      13501      13502
     12236      13517      13514      13502      13505
     12237      13253      13517      13505      13241
     12244      13527      13122      13138      13525
     12245      13531      13527      13525      13529
     12246      13481      13531      13529      13477
     12253      13541      13098      13122      13527
     12254      13543      13541      13527      13531
     12255      13501      13543      13531      13481
     12262      13549      13100      13098      13541
     12263      13551      13549      13541      13543
     12264      13513      13551      13543      13501
     12649      13200      13971      13139      13140
     12652      13971      13976      13137      13139
     12655      13976      13201      13138      13137
     12659      13200      13201      13976      13971
     12662      13201      13982      13525      13138
     12665      13982      13986      13529      13525
     12668      13986      13205      13477      13529
     12672      13201      13205      13986      13982
     12675      13205      13992      13478      13477
     12678      13992      13996      13485      13478
     12681      13996      13208      13217      13485
     12685      13205      13208      13996      13992
     12688      13208      14002      13218      13217
     12691      14002      14006      13225      13218
     12694      14006      14616      14556      13225
     12698      13208      14616      14006      14002
     12961      14166      14165      14161      14162
     12962      14171      14166      14162      14169
     12963      14175      14171      14169      14173
     12964      15581      14175      14173      15577
     12985      14210      14209      14165      14166
     12986      14213      14210      14166      14171
     12987      14215      14213      14171      14175
     12988      15625      14215      14175      15581
     13009      14234      14233      14209      14210
     13010      14237      14234      14210      14213
     13011      14239      14237      14213      14215
     13012      15649      14239      14215      15625
     13033      14258      14257      14233      14234
     13034      14261      14258      14234      14237
     13035      14263      14261      14237      14239
     13036      15673      14263      14239      15649
     13057      14282      14281      14257      14258
     13058      14285      14282      14258      14261
     13059      14287      14285      14261      14263
     13060      15697      14287      14263      15673
     13081      14306      14305      14281      14282
     13082      14309      14306      14282      14285
     13083      14311      14309      14285      14287
     13084      15721      14311      14287      15697
     13105      14330      14329      14305      14306
     13106      14333      14330      14306      14309
     13107      14335      14333      14309      14311
     13108      15745      14335      14311      15721
     13129      14354      14353      14329      14330
     13130      14357      14354      14330      14333
     13131      14359      14357      14333      14335
     13132      15769      14359      14335      15745
     13153      14378      14377      14353      14354
     13154      14381      14378      14354      14357
     13155      14383      14381      14357      14359
     13156      15793      14383      14359      15769
     13177      14402      14401      14377      14378
     13178      14405      14402      14378      14381
     13179      14407      14405      14381      14383
     13180      15817      14407      14383      15793
     13201      14426      14425      14401      14402
     13202      14429      14426      14402      14405
     13203      14431      14429      14405      14407
     13204      15841      14431      14407      15817
     13225      14450      14449      14425      14426
     13226      14453      14450      14426      14429
     13227      14455      14453      14429      14431
     13228      15865      14455      14431      15841
     13249      14474      14473      14449      14450
     13250      14477      14474      14450      14453
     13251      14479      14477      14453      14455
     13252      15889      14479      14455      15865
     13276      14516      14515      14513      14514
     13277      14515      14518      14517      14513
     13278      14518      14520      14519      14517
     13285      14514      14513      14537      14538
     13286      14513      14517      14539      14537
     13287      14517      14519      14540      14539
     13294      14538      14537      14553      14554
     13295      14537      14539      14555      14553
     13296      14539      14540      14556      14555
     13327      14617      14616      14473      14474
     13331      14621      14617      14474      14477
     13335      14624      14621      14477      14479
     13339      16032      14624      14479      15889
     13351      14638      14637      14633      14634
     13352      14643      14638      14634      14641
     13353      15956      14643      14641      15972
     13360      14658      14657      14637      14638
     13361      14661      14658      14638      14643
     13362      15935      14661      14643      15956
     13369      14670      14669      14657      14658
     13370      14673      14670      14658      14661
     13371      15936      14673      14661      15935
     13513      14898      14897      14893      14894
     13514      14903      14898      14894      14901
     13515      14637      14903      14901      14633
     13522      14918      14917      14897      14898
     13523      14921      14918      14898      14903
     13524      14657      14921      14903      14637
     13531      14930      14929      14917      14918
     13532      14933      14930      14918      14921
     13533      14669      14933      14921      14657
     13540      14943      14538      14554      14941
     13541      14947      14943      14941      14945
     13542      14897      14947      14945      14893
     13549      14957      14514      14538      14943
     13550      14959      14957      14943      14947
     13551      14917      14959      14947      14897
     13558      14965      14516      14514      14957
     13559      14967      14965      14957      14959
     13560      14929      14967      14959      14917
     13945      14616      15387      14555      14556
     13948      15387      15392      14553      14555
     13951      15392      14617      14554      14553
     13955      14616      14617      15392      15387
     13958      14617      15398      14941      14554
     13961      15398      15402      14945      14941
     13964      15402      14621      14893      14945
     13968      14617      14621      15402      15398
     13971      14621      15408      14894      14893
     13974      15408      15412      14901      14894
     13977      15412      14624      14633      14901
     13981      14621      14624      15412      15408
     13984      14624      15418      14634      14633
     13987      15418      15422      14641      14634
     13990      15422      16032      15972      14641
     13994      14624      16032      15422      15418
     14257      15582      15581      15577      15578
     14258      15587      15582      15578      15585
     14259      15591      15587      15585      15589
     14260      16997      15591      15589      16993
     14281      15626      15625      15581      15582
     14282      15629      15626      15582      15587
     14283      15631      15629      15587      15591
     14284      17041      15631      15591      16997
     14305      15650      15649      15625      15626
     14306      15653      15650      15626      15629
     14307      15655      15653      15629      15631
     14308      17065      15655      15631      17041
     14329      15674      15673      15649      15650
     14330      15677      15674      15650      15653
     14331      15679      15677      15653      15655
     14332      17089      15679      15655      17065
     14353      15698      15697      15673      15674
     14354      15701      15698      15674      15677
     14355      15703      15701      15677      15679
     14356      17113      15703      15679      17089
     14377      15722      15721      15697      15698
     14378      15725      15722      15698      15701
     14379      15727      15725      15701      15703
     14380      17137      15727      15703      17113
     14401      15746      15745      15721      15722
     14402      15749      15746      15722      15725
     14403      15751      15749      15725      15727
     14404      17161      15751      15727      17137
     14425      15770      15769      15745      15746
     14426      15773      15770      15746      15749
     14427      15775      15773      15749      15751
     14428      17185      15775      15751      17161
     14449      15794      15793      15769      15770
     14450      15797      15794      15770      15773
     14451      15799      15797      15773      15775
     14452      17209      15799      15775      17185
     14473      15818      15817      15793      15794
     14474      15821      15818      15794      15797
     14475      15823      15821      15797      15799
     14476      17233      15823      15799      17209
     14497      15842      15841      15817      15818
     14498      15845      15842      15818      15821
     14499      15847      15845      15821      15823
     14500      17257      15847      15823      17233
     14521      15866      15865      15841      15842
     14522      15869      15866      15842      15845
     14523      15871      15869      15845      15847
     14524      17281      15871      15847      17257
     14545      15890      15889      15865      15866
     14546      15893      15890      15866      15869
     14547      15895      15893      15869      15871
     14548      17305      15895      15871      17281
     14572      15932      15931      15929      15930
     14573      15931      15934      15933      15929
     14574      15934      15936      15935      15933
     14581      15930      15929      15953      15954
     14582      15929      15933      15955      15953
     14583      15933      15935      15956      15955
     14590      15954      15953      15969      15970
     14591      15953      15955      15971      15969
     14592      15955      15956      15972      15971
     14623      16033      16032      15889      15890
     14627      16037      16033      15890      15893
     14631      16040      16037      15893      15895
     14635      17448      16040      15895      17305
     14647      16054      16053      16049      16050
     14648      16059      16054      16050      16057
     14649      17372      16059      16057      17388
     14656      16074      16073      16053      16054
     14657      16077      16074      16054      16059
     14658      17351      16077      16059      17372
     14665      16086      16085      16073      16074
     14666      16089      16086      16074      16077
     14667      17352      16089      16077      17351
     14809      16314      16313      16309      16310
     14810      16319      16314      16310      16317
     14811      16053      16319      16317      16049
     14818      16334      16333      16313      16314
     14819      16337      16334      16314      16319
     14820      16073      16337      16319      16053
     14827      16346      16345      16333      16334
     14828      16349      16346      16334      16337
     14829      16085      16349      16337      16073
     14836      16359      15954      15970      16357
     14837      16363      16359      16357      16361
     14838      16313      16363      16361      16309
     14845      16373      15930      15954      16359
     14846      16375      16373      16359      16363
     14847      16333      16375      16363      16313
     14854      16381      15932      15930      16373
     14855      16383      16381      16373      16375
     14856      16345      16383      16375      16333
     15241      16032      16803      15971      15972
     15244      16803      16808      15969      15971
     15247      16808      16033      15970      15969
     15251      16032      16033      16808      16803
     15254      16033      16814      16357      15970
     15257      16814      16818      16361      16357
     15260      16818      16037      16309      16361
     15264      16033      16037      16818      16814
     15267      16037      16824      16310      16309
     15270      16824      16828      16317      16310
     15273      16828      16040      16049      16317
     15277      16037      16040      16828      16824
     15280      16040      16834      16050      16049
     15283      16834      16838      16057      16050
     15286      16838      17448      17388      16057
     15290      16040      17448      16838      16834
     15553      16998      16997      16993      16994
     15554      17003      16998      16994      17001
     15555      17007      17003      17001      17005
     15556      18413      17007      17005      18409
     15577      17042      17041      16997      16998
     15578      17045      17042      16998      17003
     15579      17047      17045      17003      17007
     15580      18457      17047      17007      18413
     15601      17066      17065      17041      17042
     15602      17069      17066      17042      17045
     15603      17071      17069      17045      17047
     15604      18481      17071      17047      18457
     15625      17090      17089      17065      17066
     15626      17093      17090      17066      17069
     15627      17095      17093      17069      17071
     15628      18505      17095      17071      18481
     15649      17114      17113      17089      17090
     15650      17117      17114      17090      17093
     15651      17119      17117      17093      17095
     15652      18529      17119      17095      18505
     15673      17138      17137      17113      17114
     15674      17141      17138      17114      17117
     15675      17143      17141      17117      17119
     15676      18553      17143      17119      18529
     15697      17162      17161      17137      17138
     15698      17165      17162      17138      17141
     15699      17167      17165      17141      17143
     15700      18577      17167      17143      18553
     15721      17186      17185      17161      17162
     15722      17189      17186      17162      17165
     15723      17191      17189      17165      17167
     15724      18601      17191      17167      18577
     15745      17210      17209      17185      17186
     15746      17213      17210      17186      17189
     15747      17215      17213      17189      17191
     15748      19002      17215      17191      18601
     15769      17234      17233      17209      17210
     15770      17237      17234      17210      17213
     15771      17239      17237      17213      17215
     15772      19026      17239      17215      19002
     15793      17258      17257      17233      17234
     15794      17261      17258      17234      17237
     15795      17263      17261      17237      17239
     15796      19050      17263      17239      19026
     15817      17282      17281      17257      17258
     15818      17285      17282      17258      17261
     15819      17287      17285      17261      17263
     15820      19074      17287      17263      19050
     15841      17306      17305      17281      17282
     15842      17309      17306      17282      17285
     15843      17311      17309      17285      17287
     15844      19098      17311      17287      19074
     15868      17348      17347      17345      17346
     15869      17347      17350      17349      17345
     15870      17350      17352      17351      17349
     15877      17346      17345      17369      17370
     15878      17345      17349      17371      17369
     15879      17349      17351      17372      17371
     15886      17370      17369      17385      17386
     15887      17369      17371      17387      17385
     15888      17371      17372      17388      17387
     15919      17449      17448      17305      17306
     15923      17453      17449      17306      17309
     15927      17456      17453      17309      17311
     15931      19214      17456      17311      19098
     15943      17470      17469      17465      17466
     15944      17475      17470      17466      17473
     15945      19165      17475      17473      19177
     15952      17490      17489      17469      17470
     15953      17493      17490      17470      17475
     15954      19144      17493      17475      19165
     15961      17502      17501      17489      17490
     15962      17505      17502      17490      17493
     15963      19145      17505      17493      19144
     16105      17730      17729      17725      17726
     16106      17735      17730      17726      17733
     16107      17469      17735      17733      17465
     16114      17750      17749      17729      17730
     16115      17753      17750      17730      17735
     16116      17489      17753      17735      17469
     16123      17762      17761      17749      17750
     16124      17765      17762      17750      17753
     16125      17501      17765      17753      17489
     16132      17775      17370      17386      17773
     16133      17779      17775      17773      17777
     16134      17729      17779      17777      17725
     16141      17789      17346      17370      17775
     16142      17791      17789      17775      17779
     16143      17749      17791      17779      17729
     16150      17797      17348      17346      17789
     16151      17799      17797      17789      17791
     16152      17761      17799      17791      17749
     16537      17448      18219      17387      17388
     16540      18219      18224      17385      17387
     16543      18224      17449      17386      17385
     16547      17448      17449      18224      18219
     16550      17449      18230      17773      17386
     16553      18230      18234      17777      17773
     16556      18234      17453      17725      17777
     16560      17449      17453      18234      18230
     16563      17453      18240      17726      17725
     16566      18240      18244      17733      17726
     16569      18244      17456      17465      17733
     16573      17453      17456      18244      18240
     16576      17456      18250      17466      17465
     16579      18250      18254      17473      17466
     16582      18254      19214      19177      17473
     16586      17456      19214      18254      18250
     16849      18414      18413      18409      18410
     16850      18419      18414      18410      18417
     16851      18423      18419      18417      18421
     16852      19829      18423      18421      19825
     16873      18458      18457      18413      18414
     16874      18461      18458      18414      18419
     16875      18463      18461      18419      18423
     16876      19885      18463      18423      19829
     16897      18482      18481      18457      18458
     16898      18485      18482      18458      18461
     16899      18487      18485      18461      18463
     16900      19915      18487      18463      19885
     16921      18506      18505      18481      18482
     16922      18509      18506      18482      18485
     16923      18511      18509      18485      18487
     16924      19945      18511      18487      19915
     16945      18530      18529      18505      18506
     16946      18533      18530      18506      18509
     16947      18535      18533      18509      18511
     16948      19975      18535      18511      19945
     16969      18554      18553      18529      18530
     16970      18557      18554      18530      18533
     16971      18559      18557      18533      18535
     16972      20005      18559      18535      19975
     16993      18578      18577      18553      18554
     16994      18581      18578      18554      18557
     16995      18583      18581      18557      18559
     16996      20035      18583      18559      20005
     17017      18602      18601      18577      18578
     17018      18605      18602      18578      18581
     17019      18607      18605      18581      18583
     17020      20065      18607      18583      20035
     17043      18640      18642      18639      18637
     17046      18642      20750      20713      18639
     17050      18647      20750      18642      18640
     17313      19003      19002      18601      18602
     17314      19006      19003      18602      18605
     17315      19008      19006      18605      18607
     17316      20508      19008      18607      20065
     17337      19027      19026      19002      19003
     17338      19030      19027      19003      19006
     17339      19032      19030      19006      19008
     17340      20538      19032      19008      20508
     17361      19051      19050      19026      19027
     17362      19054      19051      19027      19030
     17363      19056      19054      19030      19032
     17364      20568      19056      19032      20538
     17385      19075      19074      19050      19051
     17386      19078      19075      19051      19054
     17387      19080      19078      19054      19056
     17388      20598      19080      19056      20568
     17409      19099      19098      19074      19075
     17410      19102      19099      19075      19078
     17411      19104      19102      19078      19080
     17412      20628      19104      19080      20598
     17436      19141      19140      19138      19139
     17437      19140      19143      19142      19138
     17438      19143      19145      19144      19142
     17445      19139      19138      19162      19163
     17446      19138      19142      19164      19162
     17447      19142      19144      19165      19164
     17454      19163      19162      19174      19175
     17455      19162      19164      19176      19174
     17456      19164      19165      19177      19176
     17487      19215      19214      19098      19099
     17491      19216      19215      19099      19102
     17495      18647      19216      19102      19104
     17499      20750      18647      19104      20628
     17511      19223      19222      19221      18637
     17512      19226      19223      18637      18639
     17513      20701      19226      18639      20713
     17520      19235      19234      19222      19223
     17521      19238      19235      19223      19226
     17522      20680      19238      19226      20701
     17529      19247      19246      19234      19235
     17530      19250      19247      19235      19238
     17531      20681      19250      19238      20680
     17673      19422      19421      19417      19418
     17674      19427      19422      19418      19425
     17675      19222      19427      19425      19221
     17682      19439      19438      19421      19422
     17683      19442      19439      19422      19427
     17684      19234      19442      19427      19222
     17691      19451      19450      19438      19439
     17692      19454      19451      19439      19442
     17693      19246      19454      19442      19234
     17700      19464      19163      19175      19462
     17701      19468      19464      19462      19466
     17702      19421      19468      19466      19417
     17709      19476      19139      19163      19464
     17710      19478      19476      19464      19468
     17711      19438      19478      19468      19421
     17718      19484      19141      19139      19476
     17719      19486      19484      19476      19478
     17720      19450      19486      19478      19438
     18105      19214      19803      19176      19177
     18108      19803      19807      19174      19176
     18111      19807      19215      19175      19174
     18115      19214      19215      19807      19803
     18118      19215      19812      19462      19175
     18121      19812      19815      19466      19462
     18124      19815      19216      19417      19466
     18128      19215      19216      19815      19812
     18131      19216      19820      19418      19417
     18134      19820      19823      19425      19418
     18137      19823      18647      19221      19425
     18141      19216      18647      19823      19820
     18144      18647      18640      18637      19221
     18145      19830      19829      19825      19826
     18146      19835      19830      19826      19833
     18147      19839      19835      19833      19837
     18148      19843      19839      19837      19841
     18169      19886      19885      19829      19830
     18170      19889      19886      19830      19835
     18171      19891      19889      19835      19839
     18172      19893      19891      19839      19843
     18193      19916      19915      19885      19886
     18194      19919      19916      19886      19889
     18195      19921      19919      19889      19891
     18196      19923      19921      19891      19893
     18217      19946      19945      19915      19916
     18218      19949      19946      19916      19919
     18219      19951      19949      19919      19921
     18220      19953      19951      19921      19923
     18241      19976      19975      19945      19946
     18242      19979      19976      19946      19949
     18243      19981      19979      19949      19951
     18244      19983      19981      19951      19953
     18265      20006      20005      19975      19976
     18266      20009      20006      19976      19979
     18267      20011      20009      19979      19981
     18268      20013      20011      19981      19983
     18289      20036      20035      20005      20006
     18290      20039      20036      20006      20009
     18291      20041      20039      20009      20011
     18292      20043      20041      20011      20013
     18313      20066      20065      20035      20036
     18314      20069      20066      20036      20039
     18315      20071      20069      20039      20041
     18316      20073      20071      20041      20043
     18339      20110      20112      20109      20107
     18342      20112      20120      20118      20109
     18346      20125      20120      20112      20110
     18609      20509      20508      20065      20066
     18610      20512      20509      20066      20069
     18611      20514      20512      20069      20071
     18612      20516      20514      20071      20073
     18633      20539      20538      20508      20509
     18634      20542      20539      20509      20512
     18635      20544      20542      20512      20514
     18636      20546      20544      20514      20516
     18657      20569      20568      20538      20539
     18658      20572      20569      20539      20542
     18659      20574      20572      20542      20544
     18660      20576      20574      20544      20546
     18681      20599      20598      20568      20569
     18682      20602      20599      20569      20572
     18683      20604      20602      20572      20574
     18684      20606      20604      20574      20576
     18705      20629      20628      20598      20599
     18706      20632      20629      20599      20602
     18707      20634      20632      20602      20604
     18708      20636      20634      20604      20606
     18732      20677      20676      20674      20675
     18733      20676      20679      20678      20674
     18734      20679      20681      20680      20678
     18741      20675      20674      20698      20699
     18742      20674      20678      20700      20698
     18743      20678      20680      20701      20700
     18750      20699      20698      20710      20711
     18751      20698      20700      20712      20710
     18752      20700      20701      20713      20712
     18783      20751      20750      20628      20629
     18787      20752      20751      20629      20632
     18791      20125      20752      20632      20634
     18795      20120      20125      20634      20636
     18807      20759      20758      20757      20107
     18808      20762      20759      20107      20109
     18809      20764      20762      20109      20118
     18816      20775      20774      20758      20759
     18817      20778      20775      20759      20762
     18818      20780      20778      20762      20764
     18825      20791      20790      20774      20775
     18826      20794      20791      20775      20778
     18827      20796      20794      20778      20780
     18969      20979      20978      20974      20975
     18970      20984      20979      20975      20982
     18971      20758      20984      20982      20757
     18978      20996      20995      20978      20979
     18979      20999      20996      20979      20984
     18980      20774      20999      20984      20758
     18987      21008      21007      20995      20996
     18988      21011      21008      20996      20999
     18989      20790      21011      20999      20774
     18996      21021      20699      20711      21019
     18997      21025      21021      21019      21023
     18998      20978      21025      21023      20974
     19005      21033      20675      20699      21021
     19006      21035      21033      21021      21025
     19007      20995      21035      21025      20978
     19014      21041      20677      20675      21033
     19015      21043      21041      21033      21035
     19016      21007      21043      21035      20995
     19401      20750      21393      20712      20713
     19404      21393      21397      20710      20712
     19407      21397      20751      20711      20710
     19411      20750      20751      21397      21393
     19414      20751      21402      21019      20711
     19417      21402      21405      21023      21019
     19420      21405      20752      20974      21023
     19424      20751      20752      21405      21402
     19427      20752      21410      20975      20974
     19430      21410      21413      20982      20975
     19433      21413      20125      20757      20982
     19437      20752      20125      21413      21410
     19440      20125      20110      20107      20757
