      1620
         1          5          8          4          1
         5          8         20         18          4
         9         20         28         26         18
        13         28         36         34         26
        17         36         44         42         34
        21         44      21419      21415         42
        25         49         52          8          5
        29         52         58         20          8
        33         58         62         28         20
        37         62         66         36         28
        41         66         70         44         36
        45         70      21463      21419         44
        49         73         76         52         49
        53         76         82         58         52
        57         82         86         62         58
        61         86         90         66         62
        65         90         94         70         66
        69         94      21487      21463         70
        73         97        100         76         73
        77        100        106         82         76
        81        106        110         86         82
        85        110        114         90         86
        89        114        118         94         90
        93        118      21511      21487         94
        97        121        124        100         97
       101        124        130        106        100
       105        130        134        110        106
       109        134        138        114        110
       113        138        142        118        114
       117        142      21535      21511        118
       121        145        148        124        121
       125        148        154        130        124
       129        154        158        134        130
       133        158        162        138        134
       137        162        166        142        138
       141        166      21559      21535        142
       145        169        172        148        145
       149        172        178        154        148
       153        178        182        158        154
       157        182        186        162        158
       161        186        190        166        162
       165        190      21583      21559        166
       169        193        196        172        169
       173        196        202        178        172
       177        202        206        182        178
       181        206        210        186        182
       185        210        214        190        186
       189        214      21607      21583        190
       193        217        220        196        193
       197        220        226        202        196
       201        226        230        206        202
       205        230        234        210        206
       209        234        238        214        210
       213        238      21631      21607        214
       217        241        244        220        217
       221        244        250        226        220
       225        250        254        230        226
       229        254        258        234        230
       233        258        262        238        234
       237        262      21655      21631        238
       241        265        268        244        241
       245        268        274        250        244
       249        274        278        254        250
       253        278        282        258        254
       257        282        286        262        258
       261        286      21679      21655        262
       265        289        292        268        265
       269        292        298        274        268
       273        298        302        278        274
       277        302        306        282        278
       281        306        310        286        282
       285        310      21703      21679        286
       289        313        316        292        289
       293        316        322        298        292
       297        322        326        302        298
       301        326        330        306        302
       305        330        334        310        306
       309        334      21727      21703        310
       315        351        352        350        349
       318        360        351        349        359
       321        350        372        371        370
       324        349        350        370        376
       327        359        349        376        380
       330        370        371        388        387
       333        376        370        387        392
       336        380        376        392        396
       339        411        412        410        409
       342        420      21773      21794        419
       345        410        420        419        424
       348        409        410        424        428
       351        419      21794      21810        432
       354        424        419        432        436
       357        428        424        436        440
       360        352        444        372        350
       366        452        455        322        316
       367        456        452        316        313
       376        465        467        330        326
       377        467        468        334        330
       383        455        465        326        322
       384        468      21870      21727        334
       385        412        470        420        410
       388        470      21774      21773        420
       445        371        560        558        388
       448        560        568        566        558
       451        568        576        574        566
       454        372        582        560        371
       457        582        586        568        560
       460        586        590        576        568
       463        444        594        582        372
       466        594        598        586        582
       469        598        602        590        586
       472        576        608        606        574
       475        608        616        614        606
       478        616        624        622        614
       481        590        630        608        576
       484        630        634        616        608
       487        634        638        624        616
       490        602        642        630        590
       493        642        646        634        630
       496        646        650        638        634
       499        624        656        654        622
       502        656        664        662        654
       505        664        672        670        662
       508        638        678        656        624
       511        678        682        664        656
       514        682        686        672        664
       517        650        690        678        638
       520        690        694        682        678
       523        694        698        686        682
       526        672        704        702        670
       529        704        712        710        702
       532        712        428        440        710
       535        686        718        704        672
       538        718        722        712        704
       541        722        409        428        712
       544        698        726        718        686
       547        726        730        722        718
       550        730        411        409        722
       985       1225        456        396        392
       986       1228       1225        392        387
       987        452       1228        387        388
       996        452        456       1225       1228
      1037       1265        452        388        558
      1038       1267       1265        558        566
      1039        455       1267        566        574
      1048        455        452       1265       1267
      1089       1297        455        574        606
      1090       1299       1297        606        614
      1091        465       1299        614        622
      1100        465        455       1297       1299
      1141       1329        465        622        654
      1142       1331       1329        654        662
      1143        467       1331        662        670
      1152        467        465       1329       1331
      1193       1361        467        670        702
      1194       1363       1361        702        710
      1195        468       1363        710        440
      1204        468        467       1361       1363
      1245       1393        468        440        436
      1246       1395       1393        436        432
      1247      21870       1395        432      21810
      1256      21870        468       1393       1395
     19441      21419      21422      21418      21415
     19445      21422      21434      21432      21418
     19449      21434      21442      21440      21432
     19453      21442      21450      21448      21440
     19457      21450      21458      21456      21448
     19461      21458      42833      42829      21456
     19465      21463      21466      21422      21419
     19469      21466      21472      21434      21422
     19473      21472      21476      21442      21434
     19477      21476      21480      21450      21442
     19481      21480      21484      21458      21450
     19485      21484      42877      42833      21458
     19489      21487      21490      21466      21463
     19493      21490      21496      21472      21466
     19497      21496      21500      21476      21472
     19501      21500      21504      21480      21476
     19505      21504      21508      21484      21480
     19509      21508      42901      42877      21484
     19513      21511      21514      21490      21487
     19517      21514      21520      21496      21490
     19521      21520      21524      21500      21496
     19525      21524      21528      21504      21500
     19529      21528      21532      21508      21504
     19533      21532      42925      42901      21508
     19537      21535      21538      21514      21511
     19541      21538      21544      21520      21514
     19545      21544      21548      21524      21520
     19549      21548      21552      21528      21524
     19553      21552      21556      21532      21528
     19557      21556      42949      42925      21532
     19561      21559      21562      21538      21535
     19565      21562      21568      21544      21538
     19569      21568      21572      21548      21544
     19573      21572      21576      21552      21548
     19577      21576      21580      21556      21552
     19581      21580      42973      42949      21556
     19585      21583      21586      21562      21559
     19589      21586      21592      21568      21562
     19593      21592      21596      21572      21568
     19597      21596      21600      21576      21572
     19601      21600      21604      21580      21576
     19605      21604      42997      42973      21580
     19609      21607      21610      21586      21583
     19613      21610      21616      21592      21586
     19617      21616      21620      21596      21592
     19621      21620      21624      21600      21596
     19625      21624      21628      21604      21600
     19629      21628      43021      42997      21604
     19633      21631      21634      21610      21607
     19637      21634      21640      21616      21610
     19641      21640      21644      21620      21616
     19645      21644      21648      21624      21620
     19649      21648      21652      21628      21624
     19653      21652      43422      43021      21628
     19657      21655      21658      21634      21631
     19661      21658      21664      21640      21634
     19665      21664      21668      21644      21640
     19669      21668      21672      21648      21644
     19673      21672      21676      21652      21648
     19677      21676      43446      43422      21652
     19681      21679      21682      21658      21655
     19685      21682      21688      21664      21658
     19689      21688      21692      21668      21664
     19693      21692      21696      21672      21668
     19697      21696      21700      21676      21672
     19701      21700      43470      43446      21676
     19705      21703      21706      21682      21679
     19709      21706      21712      21688      21682
     19713      21712      21716      21692      21688
     19717      21716      21720      21696      21692
     19721      21720      21724      21700      21696
     19725      21724      43494      43470      21700
     19729      21727      21730      21706      21703
     19733      21730      21736      21712      21706
     19737      21736      21740      21716      21712
     19741      21740      21744      21720      21716
     19745      21744      21748      21724      21720
     19749      21748      43518      43494      21724
     19755      21765      21766      21764      21763
     19758      21774      21765      21763      21773
     19761      21764      21786      21785      21784
     19764      21763      21764      21784      21790
     19767      21773      21763      21790      21794
     19770      21784      21785      21802      21801
     19773      21790      21784      21801      21806
     19776      21794      21790      21806      21810
     19779      21825      21826      21824      21823
     19782      21834      43564      43585      21833
     19785      21824      21834      21833      21838
     19788      21823      21824      21838      21842
     19791      21833      43585      43597      21846
     19794      21838      21833      21846      21850
     19797      21842      21838      21850      21854
     19800      21766      21858      21786      21764
     19806      21866      21869      21736      21730
     19807      21870      21866      21730      21727
     19816      21879      21881      21744      21740
     19817      21881      21882      21748      21744
     19823      21869      21879      21740      21736
     19824      21882      43634      43518      21748
     19825      21826      21884      21834      21824
     19828      21884      43565      43564      21834
     19885      21785      21974      21972      21802
     19888      21974      21982      21980      21972
     19891      21982      21990      21988      21980
     19894      21786      21996      21974      21785
     19897      21996      22000      21982      21974
     19900      22000      22004      21990      21982
     19903      21858      22008      21996      21786
     19906      22008      22012      22000      21996
     19909      22012      22016      22004      22000
     19912      21990      22022      22020      21988
     19915      22022      22030      22028      22020
     19918      22030      22038      22036      22028
     19921      22004      22044      22022      21990
     19924      22044      22048      22030      22022
     19927      22048      22052      22038      22030
     19930      22016      22056      22044      22004
     19933      22056      22060      22048      22044
     19936      22060      22064      22052      22048
     19939      22038      22070      22068      22036
     19942      22070      22078      22076      22068
     19945      22078      22086      22084      22076
     19948      22052      22092      22070      22038
     19951      22092      22096      22078      22070
     19954      22096      22100      22086      22078
     19957      22064      22104      22092      22052
     19960      22104      22108      22096      22092
     19963      22108      22112      22100      22096
     19966      22086      22118      22116      22084
     19969      22118      22126      22124      22116
     19972      22126      21842      21854      22124
     19975      22100      22132      22118      22086
     19978      22132      22136      22126      22118
     19981      22136      21823      21842      22126
     19984      22112      22140      22132      22100
     19987      22140      22144      22136      22132
     19990      22144      21825      21823      22136
     20425      22639      21870      21810      21806
     20426      22642      22639      21806      21801
     20427      21866      22642      21801      21802
     20436      21866      21870      22639      22642
     20477      22679      21866      21802      21972
     20478      22681      22679      21972      21980
     20479      21869      22681      21980      21988
     20488      21869      21866      22679      22681
     20529      22711      21869      21988      22020
     20530      22713      22711      22020      22028
     20531      21879      22713      22028      22036
     20540      21879      21869      22711      22713
     20581      22743      21879      22036      22068
     20582      22745      22743      22068      22076
     20583      21881      22745      22076      22084
     20592      21881      21879      22743      22745
     20633      22775      21881      22084      22116
     20634      22777      22775      22116      22124
     20635      21882      22777      22124      21854
     20644      21882      21881      22775      22777
     20685      22807      21882      21854      21850
     20686      22809      22807      21850      21846
     20687      43634      22809      21846      43597
     20696      43634      21882      22807      22809
     38881      42833      42836      42832      42829
     38885      42836      42848      42846      42832
     38889      42848      42856      42854      42846
     38893      42856      42864      42862      42854
     38897      42864      42872      42870      42862
     38901      42872      64247      64243      42870
     38905      42877      42880      42836      42833
     38909      42880      42886      42848      42836
     38913      42886      42890      42856      42848
     38917      42890      42894      42864      42856
     38921      42894      42898      42872      42864
     38925      42898      64291      64247      42872
     38929      42901      42904      42880      42877
     38933      42904      42910      42886      42880
     38937      42910      42914      42890      42886
     38941      42914      42918      42894      42890
     38945      42918      42922      42898      42894
     38949      42922      64315      64291      42898
     38953      42925      42928      42904      42901
     38957      42928      42934      42910      42904
     38961      42934      42938      42914      42910
     38965      42938      42942      42918      42914
     38969      42942      42946      42922      42918
     38973      42946      64339      64315      42922
     38977      42949      42952      42928      42925
     38981      42952      42958      42934      42928
     38985      42958      42962      42938      42934
     38989      42962      42966      42942      42938
     38993      42966      42970      42946      42942
     38997      42970      64363      64339      42946
     39001      42973      42976      42952      42949
     39005      42976      42982      42958      42952
     39009      42982      42986      42962      42958
     39013      42986      42990      42966      42962
     39017      42990      42994      42970      42966
     39021      42994      64387      64363      42970
     39025      42997      43000      42976      42973
     39029      43000      43006      42982      42976
     39033      43006      43010      42986      42982
     39037      43010      43014      42990      42986
     39041      43014      43018      42994      42990
     39045      43018      64411      64387      42994
     39049      43021      43024      43000      42997
     39053      43024      43030      43006      43000
     39057      43030      43034      43010      43006
     39061      43034      43038      43014      43010
     39065      43038      43042      43018      43014
     39069      43042      64435      64411      43018
     39085      43073      43072      43068      43069
     39086      43078      43073      43069      43076
     39087      43082      43078      43076      43080
     39096      43082      43072      43073      43078
     39137      43160      43082      43080      43158
     39138      43164      43160      43158      43162
     39139      43168      43164      43162      43166
     39148      43168      43082      43160      43164
     39189      43232      43168      43166      43230
     39190      43236      43232      43230      43234
     39191      43240      43236      43234      43238
     39200      43240      43168      43232      43236
     39241      43304      43240      43238      43302
     39242      43308      43304      43302      43306
     39243      43312      43308      43306      43310
     39252      43312      43240      43304      43308
     39293      43376      43312      43310      43374
     39294      43380      43376      43374      43378
     39295      64698      43380      43378      64638
     39304      64698      43312      43376      43380
     39345      43422      43425      43024      43021
     39349      43425      43431      43030      43024
     39353      43431      43435      43034      43030
     39357      43435      43439      43038      43034
     39361      43439      43443      43042      43038
     39365      43443      64459      64435      43042
     39369      43446      43449      43425      43422
     39373      43449      43455      43431      43425
     39377      43455      43459      43435      43431
     39381      43459      43463      43439      43435
     39385      43463      43467      43443      43439
     39389      43467      64483      64459      43443
     39393      43470      43473      43449      43446
     39397      43473      43479      43455      43449
     39401      43479      43483      43459      43455
     39405      43483      43487      43463      43459
     39409      43487      43491      43467      43463
     39413      43491      64507      64483      43467
     39417      43494      43497      43473      43470
     39421      43497      43503      43479      43473
     39425      43503      43507      43483      43479
     39429      43507      43511      43487      43483
     39433      43511      43515      43491      43487
     39437      43515      64531      64507      43491
     39441      43518      43521      43497      43494
     39445      43521      43527      43503      43497
     39449      43527      43531      43507      43503
     39453      43531      43535      43511      43507
     39457      43535      43539      43515      43511
     39461      43539      64555      64531      43515
     39467      43556      43557      43555      43554
     39470      43565      43556      43554      43564
     39473      43555      43577      43576      43575
     39476      43554      43555      43575      43581
     39479      43564      43554      43581      43585
     39482      43575      43576      43068      43589
     39485      43581      43575      43589      43593
     39488      43585      43581      43593      43597
     39491      43612      43613      43611      43610
     39494      43621      64601      64622      43620
     39497      43611      43621      43620      43625
     39500      43610      43611      43625      43629
     39503      43620      64622      64638      43378
     39506      43625      43620      43378      43374
     39509      43629      43625      43374      43310
     39512      43557      43633      43577      43555
     39518      43072      43082      43527      43521
     39519      43634      43072      43521      43518
     39528      43168      43240      43535      43531
     39529      43240      43312      43539      43535
     39535      43082      43168      43531      43527
     39536      43312      64698      64555      43539
     39537      43613      43638      43621      43611
     39540      43638      64602      64601      43621
     39597      43576      43706      43069      43068
     39600      43706      43710      43076      43069
     39603      43710      43714      43080      43076
     39606      43577      43718      43706      43576
     39609      43718      43722      43710      43706
     39612      43722      43726      43714      43710
     39615      43633      43730      43718      43577
     39618      43730      43734      43722      43718
     39621      43734      43738      43726      43722
     39624      43714      43742      43158      43080
     39627      43742      43746      43162      43158
     39630      43746      43750      43166      43162
     39633      43726      43754      43742      43714
     39636      43754      43758      43746      43742
     39639      43758      43762      43750      43746
     39642      43738      43766      43754      43726
     39645      43766      43770      43758      43754
     39648      43770      43774      43762      43758
     39651      43750      43778      43230      43166
     39654      43778      43782      43234      43230
     39657      43782      43786      43238      43234
     39660      43762      43790      43778      43750
     39663      43790      43794      43782      43778
     39666      43794      43798      43786      43782
     39669      43774      43802      43790      43762
     39672      43802      43806      43794      43790
     39675      43806      43810      43798      43794
     39678      43786      43814      43302      43238
     39681      43814      43818      43306      43302
     39684      43818      43629      43310      43306
     39687      43798      43822      43814      43786
     39690      43822      43826      43818      43814
     39693      43826      43610      43629      43818
     39696      43810      43830      43822      43798
     39699      43830      43834      43826      43822
     39702      43834      43612      43610      43826
     40137      44221      43634      43597      43593
     40138      44224      44221      43593      43589
     40139      43072      44224      43589      43068
     40148      43072      43634      44221      44224
     58321      64247      64250      64246      64243
     58325      64250      64262      64260      64246
     58329      64262      64270      64268      64260
     58333      64270      64278      64276      64268
     58337      64278      64286      64284      64276
     58341      64286      85661      85657      64284
     58345      64291      64294      64250      64247
     58349      64294      64300      64262      64250
     58353      64300      64304      64270      64262
     58357      64304      64308      64278      64270
     58361      64308      64312      64286      64278
     58365      64312      85705      85661      64286
     58369      64315      64318      64294      64291
     58373      64318      64324      64300      64294
     58377      64324      64328      64304      64300
     58381      64328      64332      64308      64304
     58385      64332      64336      64312      64308
     58389      64336      85729      85705      64312
     58393      64339      64342      64318      64315
     58397      64342      64348      64324      64318
     58401      64348      64352      64328      64324
     58405      64352      64356      64332      64328
     58409      64356      64360      64336      64332
     58413      64360      85753      85729      64336
     58417      64363      64366      64342      64339
     58421      64366      64372      64348      64342
     58425      64372      64376      64352      64348
     58429      64376      64380      64356      64352
     58433      64380      64384      64360      64356
     58437      64384      85777      85753      64360
     58441      64387      64390      64366      64363
     58445      64390      64396      64372      64366
     58449      64396      64400      64376      64372
     58453      64400      64404      64380      64376
     58457      64404      64408      64384      64380
     58461      64408      85801      85777      64384
     58465      64411      64414      64390      64387
     58469      64414      64420      64396      64390
     58473      64420      64424      64400      64396
     58477      64424      64428      64404      64400
     58481      64428      64432      64408      64404
     58485      64432      85825      85801      64408
     58489      64435      64438      64414      64411
     58493      64438      64444      64420      64414
     58497      64444      64448      64424      64420
     58501      64448      64452      64428      64424
     58505      64452      64456      64432      64428
     58509      64456      85849      85825      64432
     58513      64459      64462      64438      64435
     58517      64462      64468      64444      64438
     58521      64468      64472      64448      64444
     58525      64472      64476      64452      64448
     58529      64476      64480      64456      64452
     58533      64480      85873      85849      64456
     58537      64483      64486      64462      64459
     58541      64486      64492      64468      64462
     58545      64492      64496      64472      64468
     58549      64496      64500      64476      64472
     58553      64500      64504      64480      64476
     58557      64504      85897      85873      64480
     58561      64507      64510      64486      64483
     58565      64510      64516      64492      64486
     58569      64516      64520      64496      64492
     58573      64520      64524      64500      64496
     58577      64524      64528      64504      64500
     58581      64528      85921      85897      64504
     58585      64531      64534      64510      64507
     58589      64534      64540      64516      64510
     58593      64540      64544      64520      64516
     58597      64544      64548      64524      64520
     58601      64548      64552      64528      64524
     58605      64552      85945      85921      64528
     58609      64555      64558      64534      64531
     58613      64558      64564      64540      64534
     58617      64564      64568      64544      64540
     58621      64568      64572      64548      64544
     58625      64572      64576      64552      64548
     58629      64576      85969      85945      64552
     58635      64593      64594      64592      64591
     58638      64602      64593      64591      64601
     58641      64592      64614      64613      64612
     58644      64591      64592      64612      64618
     58647      64601      64591      64618      64622
     58650      64612      64613      64630      64629
     58653      64618      64612      64629      64634
     58656      64622      64618      64634      64638
     58659      64653      64654      64652      64651
     58662      64662      86015      86036      64661
     58665      64652      64662      64661      64666
     58668      64651      64652      64666      64670
     58671      64661      86036      86052      64674
     58674      64666      64661      64674      64678
     58677      64670      64666      64678      64682
     58680      64594      64686      64614      64592
     58686      64694      64697      64564      64558
     58687      64698      64694      64558      64555
     58696      64707      64709      64572      64568
     58697      64709      64710      64576      64572
     58703      64697      64707      64568      64564
     58704      64710      86112      85969      64576
     58705      64654      64712      64662      64652
     58708      64712      86016      86015      64662
     58765      64613      64802      64800      64630
     58768      64802      64810      64808      64800
     58771      64810      64818      64816      64808
     58774      64614      64824      64802      64613
     58777      64824      64828      64810      64802
     58780      64828      64832      64818      64810
     58783      64686      64836      64824      64614
     58786      64836      64840      64828      64824
     58789      64840      64844      64832      64828
     58792      64818      64850      64848      64816
     58795      64850      64858      64856      64848
     58798      64858      64866      64864      64856
     58801      64832      64872      64850      64818
     58804      64872      64876      64858      64850
     58807      64876      64880      64866      64858
     58810      64844      64884      64872      64832
     58813      64884      64888      64876      64872
     58816      64888      64892      64880      64876
     58819      64866      64898      64896      64864
     58822      64898      64906      64904      64896
     58825      64906      64914      64912      64904
     58828      64880      64920      64898      64866
     58831      64920      64924      64906      64898
     58834      64924      64928      64914      64906
     58837      64892      64932      64920      64880
     58840      64932      64936      64924      64920
     58843      64936      64940      64928      64924
     58846      64914      64946      64944      64912
     58849      64946      64954      64952      64944
     58852      64954      64670      64682      64952
     58855      64928      64960      64946      64914
     58858      64960      64964      64954      64946
     58861      64964      64651      64670      64954
     58864      64940      64968      64960      64928
     58867      64968      64972      64964      64960
     58870      64972      64653      64651      64964
     59305      65467      64698      64638      64634
     59306      65470      65467      64634      64629
     59307      64694      65470      64629      64630
     59316      64694      64698      65467      65470
     59357      65507      64694      64630      64800
     59358      65509      65507      64800      64808
     59359      64697      65509      64808      64816
     59368      64697      64694      65507      65509
     59409      65539      64697      64816      64848
     59410      65541      65539      64848      64856
     59411      64707      65541      64856      64864
     59420      64707      64697      65539      65541
     59461      65571      64707      64864      64896
     59462      65573      65571      64896      64904
     59463      64709      65573      64904      64912
     59472      64709      64707      65571      65573
     59513      65603      64709      64912      64944
     59514      65605      65603      64944      64952
     59515      64710      65605      64952      64682
     59524      64710      64709      65603      65605
     59565      65635      64710      64682      64678
     59566      65637      65635      64678      64674
     59567      86112      65637      64674      86052
     59576      86112      64710      65635      65637
     77761      85661      85664      85660      85657
     77765      85664      85676      85674      85660
     77769      85676      85684      85682      85674
     77773      85684      85692      85690      85682
     77777      85692      85700      85698      85690
     77781      85700     107075     107071      85698
     77785      85705      85708      85664      85661
     77789      85708      85714      85676      85664
     77793      85714      85718      85684      85676
     77797      85718      85722      85692      85684
     77801      85722      85726      85700      85692
     77805      85726     107119     107075      85700
     77809      85729      85732      85708      85705
     77813      85732      85738      85714      85708
     77817      85738      85742      85718      85714
     77821      85742      85746      85722      85718
     77825      85746      85750      85726      85722
     77829      85750     107143     107119      85726
     77833      85753      85756      85732      85729
     77837      85756      85762      85738      85732
     77841      85762      85766      85742      85738
     77845      85766      85770      85746      85742
     77849      85770      85774      85750      85746
     77853      85774     107167     107143      85750
     77857      85777      85780      85756      85753
     77861      85780      85786      85762      85756
     77865      85786      85790      85766      85762
     77869      85790      85794      85770      85766
     77873      85794      85798      85774      85770
     77877      85798     107191     107167      85774
     77881      85801      85804      85780      85777
     77885      85804      85810      85786      85780
     77889      85810      85814      85790      85786
     77893      85814      85818      85794      85790
     77897      85818      85822      85798      85794
     77901      85822     107215     107191      85798
     77905      85825      85828      85804      85801
     77909      85828      85834      85810      85804
     77913      85834      85838      85814      85810
     77917      85838      85842      85818      85814
     77921      85842      85846      85822      85818
     77925      85846     107239     107215      85822
     77929      85849      85852      85828      85825
     77933      85852      85858      85834      85828
     77937      85858      85862      85838      85834
     77941      85862      85866      85842      85838
     77945      85866      85870      85846      85842
     77949      85870     107263     107239      85846
     77953      85873      85876      85852      85849
     77957      85876      85882      85858      85852
     77961      85882      85886      85862      85858
     77965      85886      85890      85866      85862
     77969      85890      85894      85870      85866
     77973      85894     107287     107263      85870
     77977      85897      85900      85876      85873
     77981      85900      85906      85882      85876
     77985      85906      85910      85886      85882
     77989      85910      85914      85890      85886
     77993      85914      85918      85894      85890
     77997      85918     107311     107287      85894
     78001      85921      85924      85900      85897
     78005      85924      85930      85906      85900
     78009      85930      85934      85910      85906
     78013      85934      85938      85914      85910
     78017      85938      85942      85918      85914
     78021      85942     107335     107311      85918
     78025      85945      85948      85924      85921
     78029      85948      85954      85930      85924
     78033      85954      85958      85934      85930
     78037      85958      85962      85938      85934
     78041      85962      85966      85942      85938
     78045      85966     107359     107335      85942
     78049      85969      85972      85948      85945
     78053      85972      85978      85954      85948
     78057      85978      85982      85958      85954
     78061      85982      85986      85962      85958
     78065      85986      85990      85966      85962
     78069      85990     107383     107359      85966
     78075      86007      86008      86006      86005
     78078      86016      86007      86005      86015
     78081      86006      86028      86027      86026
     78084      86005      86006      86026      86032
     78087      86015      86005      86032      86036
     78090      86026      86027      86044      86043
     78093      86032      86026      86043      86048
     78096      86036      86032      86048      86052
     78099      86067      86068      86066      86065
     78102      86076     107429     107450      86075
     78105      86066      86076      86075      86080
     78108      86065      86066      86080      86084
     78111      86075     107450     107466      86088
     78114      86080      86075      86088      86092
     78117      86084      86080      86092      86096
     78120      86008      86100      86028      86006
     78126      86108      86111      85978      85972
     78127      86112      86108      85972      85969
     78136      86121      86123      85986      85982
     78137      86123      86124      85990      85986
     78143      86111      86121      85982      85978
     78144      86124     107526     107383      85990
     78145      86068      86126      86076      86066
     78148      86126     107430     107429      86076
     78205      86027      86216      86214      86044
     78208      86216      86224      86222      86214
     78211      86224      86232      86230      86222
     78214      86028      86238      86216      86027
     78217      86238      86242      86224      86216
     78220      86242      86246      86232      86224
     78223      86100      86250      86238      86028
     78226      86250      86254      86242      86238
     78229      86254      86258      86246      86242
     78232      86232      86264      86262      86230
     78235      86264      86272      86270      86262
     78238      86272      86280      86278      86270
     78241      86246      86286      86264      86232
     78244      86286      86290      86272      86264
     78247      86290      86294      86280      86272
     78250      86258      86298      86286      86246
     78253      86298      86302      86290      86286
     78256      86302      86306      86294      86290
     78259      86280      86312      86310      86278
     78262      86312      86320      86318      86310
     78265      86320      86328      86326      86318
     78268      86294      86334      86312      86280
     78271      86334      86338      86320      86312
     78274      86338      86342      86328      86320
     78277      86306      86346      86334      86294
     78280      86346      86350      86338      86334
     78283      86350      86354      86342      86338
     78286      86328      86360      86358      86326
     78289      86360      86368      86366      86358
     78292      86368      86084      86096      86366
     78295      86342      86374      86360      86328
     78298      86374      86378      86368      86360
     78301      86378      86065      86084      86368
     78304      86354      86382      86374      86342
     78307      86382      86386      86378      86374
     78310      86386      86067      86065      86378
     78745      86881      86112      86052      86048
     78746      86884      86881      86048      86043
     78747      86108      86884      86043      86044
     78756      86108      86112      86881      86884
     78797      86921      86108      86044      86214
     78798      86923      86921      86214      86222
     78799      86111      86923      86222      86230
     78808      86111      86108      86921      86923
     78849      86953      86111      86230      86262
     78850      86955      86953      86262      86270
     78851      86121      86955      86270      86278
     78860      86121      86111      86953      86955
     78901      86985      86121      86278      86310
     78902      86987      86985      86310      86318
     78903      86123      86987      86318      86326
     78912      86123      86121      86985      86987
     78953      87017      86123      86326      86358
     78954      87019      87017      86358      86366
     78955      86124      87019      86366      86096
     78964      86124      86123      87017      87019
     79005      87049      86124      86096      86092
     79006      87051      87049      86092      86088
     79007     107526      87051      86088     107466
     79016     107526      86124      87049      87051
     97201     107075     107078     107074     107071
     97205     107078     107090     107088     107074
     97209     107090     107098     107096     107088
     97213     107098     107106     107104     107096
     97217     107106     107114     107112     107104
     97221     107114     128489     128485     107112
     97225     107119     107122     107078     107075
     97229     107122     107128     107090     107078
     97233     107128     107132     107098     107090
     97237     107132     107136     107106     107098
     97241     107136     107140     107114     107106
     97245     107140     128533     128489     107114
     97249     107143     107146     107122     107119
     97253     107146     107152     107128     107122
     97257     107152     107156     107132     107128
     97261     107156     107160     107136     107132
     97265     107160     107164     107140     107136
     97269     107164     128557     128533     107140
     97273     107167     107170     107146     107143
     97277     107170     107176     107152     107146
     97281     107176     107180     107156     107152
     97285     107180     107184     107160     107156
     97289     107184     107188     107164     107160
     97293     107188     128581     128557     107164
     97297     107191     107194     107170     107167
     97301     107194     107200     107176     107170
     97305     107200     107204     107180     107176
     97309     107204     107208     107184     107180
     97313     107208     107212     107188     107184
     97317     107212     128605     128581     107188
     97321     107215     107218     107194     107191
     97325     107218     107224     107200     107194
     97329     107224     107228     107204     107200
     97333     107228     107232     107208     107204
     97337     107232     107236     107212     107208
     97341     107236     128629     128605     107212
     97345     107239     107242     107218     107215
     97349     107242     107248     107224     107218
     97353     107248     107252     107228     107224
     97357     107252     107256     107232     107228
     97361     107256     107260     107236     107232
     97365     107260     128653     128629     107236
     97369     107263     107266     107242     107239
     97373     107266     107272     107248     107242
     97377     107272     107276     107252     107248
     97381     107276     107280     107256     107252
     97385     107280     107284     107260     107256
     97389     107284     128677     128653     107260
     97393     107287     107290     107266     107263
     97397     107290     107296     107272     107266
     97401     107296     107300     107276     107272
     97405     107300     107304     107280     107276
     97409     107304     107308     107284     107280
     97413     107308     128701     128677     107284
     97417     107311     107314     107290     107287
     97421     107314     107320     107296     107290
     97425     107320     107324     107300     107296
     97429     107324     107328     107304     107300
     97433     107328     107332     107308     107304
     97437     107332     128725     128701     107308
     97441     107335     107338     107314     107311
     97445     107338     107344     107320     107314
     97449     107344     107348     107324     107320
     97453     107348     107352     107328     107324
     97457     107352     107356     107332     107328
     97461     107356     128749     128725     107332
     97465     107359     107362     107338     107335
     97469     107362     107368     107344     107338
     97473     107368     107372     107348     107344
     97477     107372     107376     107352     107348
     97481     107376     107380     107356     107352
     97485     107380     128773     128749     107356
     97489     107383     107386     107362     107359
     97493     107386     107392     107368     107362
     97497     107392     107396     107372     107368
     97501     107396     107400     107376     107372
     97505     107400     107404     107380     107376
     97509     107404     128797     128773     107380
     97515     107421     107422     107420     107419
     97518     107430     107421     107419     107429
     97521     107420     107442     107441     107440
     97524     107419     107420     107440     107446
     97527     107429     107419     107446     107450
     97530     107440     107441     107458     107457
     97533     107446     107440     107457     107462
     97536     107450     107446     107462     107466
     97539     107481     107482     107480     107479
     97542     107490     128843     128864     107489
     97545     107480     107490     107489     107494
     97548     107479     107480     107494     107498
     97551     107489     128864     128880     107502
     97554     107494     107489     107502     107506
     97557     107498     107494     107506     107510
     97560     107422     107514     107442     107420
     97566     107522     107525     107392     107386
     97567     107526     107522     107386     107383
     97576     107535     107537     107400     107396
     97577     107537     107538     107404     107400
     97583     107525     107535     107396     107392
     97584     107538     128940     128797     107404
     97585     107482     107540     107490     107480
     97588     107540     128844     128843     107490
     97645     107441     107630     107628     107458
     97648     107630     107638     107636     107628
     97651     107638     107646     107644     107636
     97654     107442     107652     107630     107441
     97657     107652     107656     107638     107630
     97660     107656     107660     107646     107638
     97663     107514     107664     107652     107442
     97666     107664     107668     107656     107652
     97669     107668     107672     107660     107656
     97672     107646     107678     107676     107644
     97675     107678     107686     107684     107676
     97678     107686     107694     107692     107684
     97681     107660     107700     107678     107646
     97684     107700     107704     107686     107678
     97687     107704     107708     107694     107686
     97690     107672     107712     107700     107660
     97693     107712     107716     107704     107700
     97696     107716     107720     107708     107704
     97699     107694     107726     107724     107692
     97702     107726     107734     107732     107724
     97705     107734     107742     107740     107732
     97708     107708     107748     107726     107694
     97711     107748     107752     107734     107726
     97714     107752     107756     107742     107734
     97717     107720     107760     107748     107708
     97720     107760     107764     107752     107748
     97723     107764     107768     107756     107752
     97726     107742     107774     107772     107740
     97729     107774     107782     107780     107772
     97732     107782     107498     107510     107780
     97735     107756     107788     107774     107742
     97738     107788     107792     107782     107774
     97741     107792     107479     107498     107782
     97744     107768     107796     107788     107756
     97747     107796     107800     107792     107788
     97750     107800     107481     107479     107792
     98185     108295     107526     107466     107462
     98186     108298     108295     107462     107457
     98187     107522     108298     107457     107458
     98196     107522     107526     108295     108298
     98237     108335     107522     107458     107628
     98238     108337     108335     107628     107636
     98239     107525     108337     107636     107644
     98248     107525     107522     108335     108337
     98289     108367     107525     107644     107676
     98290     108369     108367     107676     107684
     98291     107535     108369     107684     107692
     98300     107535     107525     108367     108369
     98341     108399     107535     107692     107724
     98342     108401     108399     107724     107732
     98343     107537     108401     107732     107740
     98352     107537     107535     108399     108401
     98393     108431     107537     107740     107772
     98394     108433     108431     107772     107780
     98395     107538     108433     107780     107510
     98404     107538     107537     108431     108433
     98445     108463     107538     107510     107506
     98446     108465     108463     107506     107502
     98447     128940     108465     107502     128880
     98456     128940     107538     108463     108465
    116641     128489     128492     128488     128485
    116645     128492     128504     128502     128488
    116649     128504     128512     128510     128502
    116653     128512     128520     128518     128510
    116657     128520     128528     128526     128518
    116661     128528     149903     149899     128526
    116665     128533     128536     128492     128489
    116669     128536     128542     128504     128492
    116673     128542     128546     128512     128504
    116677     128546     128550     128520     128512
    116681     128550     128554     128528     128520
    116685     128554     149947     149903     128528
    116689     128557     128560     128536     128533
    116693     128560     128566     128542     128536
    116697     128566     128570     128546     128542
    116701     128570     128574     128550     128546
    116705     128574     128578     128554     128550
    116709     128578     149971     149947     128554
    116713     128581     128584     128560     128557
    116717     128584     128590     128566     128560
    116721     128590     128594     128570     128566
    116725     128594     128598     128574     128570
    116729     128598     128602     128578     128574
    116733     128602     149995     149971     128578
    116737     128605     128608     128584     128581
    116741     128608     128614     128590     128584
    116745     128614     128618     128594     128590
    116749     128618     128622     128598     128594
    116753     128622     128626     128602     128598
    116757     128626     150019     149995     128602
    116761     128629     128632     128608     128605
    116765     128632     128638     128614     128608
    116769     128638     128642     128618     128614
    116773     128642     128646     128622     128618
    116777     128646     128650     128626     128622
    116781     128650     150043     150019     128626
    116785     128653     128656     128632     128629
    116789     128656     128662     128638     128632
    116793     128662     128666     128642     128638
    116797     128666     128670     128646     128642
    116801     128670     128674     128650     128646
    116805     128674     150067     150043     128650
    116809     128677     128680     128656     128653
    116813     128680     128686     128662     128656
    116817     128686     128690     128666     128662
    116821     128690     128694     128670     128666
    116825     128694     128698     128674     128670
    116829     128698     150091     150067     128674
    116833     128701     128704     128680     128677
    116837     128704     128710     128686     128680
    116841     128710     128714     128690     128686
    116845     128714     128718     128694     128690
    116849     128718     128722     128698     128694
    116853     128722     150115     150091     128698
    116857     128725     128728     128704     128701
    116861     128728     128734     128710     128704
    116865     128734     128738     128714     128710
    116869     128738     128742     128718     128714
    116873     128742     128746     128722     128718
    116877     128746     150139     150115     128722
    116881     128749     128752     128728     128725
    116885     128752     128758     128734     128728
    116889     128758     128762     128738     128734
    116893     128762     128766     128742     128738
    116897     128766     128770     128746     128742
    116901     128770     150163     150139     128746
    116905     128773     128776     128752     128749
    116909     128776     128782     128758     128752
    116913     128782     128786     128762     128758
    116917     128786     128790     128766     128762
    116921     128790     128794     128770     128766
    116925     128794     150187     150163     128770
    116929     128797     128800     128776     128773
    116933     128800     128806     128782     128776
    116937     128806     128810     128786     128782
    116941     128810     128814     128790     128786
    116945     128814     128818     128794     128790
    116949     128818     150211     150187     128794
    116955     128835     128836     128834     128833
    116958     128844     128835     128833     128843
    116961     128834     128856     128855     128854
    116964     128833     128834     128854     128860
    116967     128843     128833     128860     128864
    116970     128854     128855     128872     128871
    116973     128860     128854     128871     128876
    116976     128864     128860     128876     128880
    116979     128895     128896     128894     128893
    116982     128904     150257     150278     128903
    116985     128894     128904     128903     128908
    116988     128893     128894     128908     128912
    116991     128903     150278     150294     128916
    116994     128908     128903     128916     128920
    116997     128912     128908     128920     128924
    117000     128836     128928     128856     128834
    117006     128936     128939     128806     128800
    117007     128940     128936     128800     128797
    117016     128949     128951     128814     128810
    117017     128951     128952     128818     128814
    117023     128939     128949     128810     128806
    117024     128952     150354     150211     128818
    117025     128896     128954     128904     128894
    117028     128954     150258     150257     128904
    117085     128855     129044     129042     128872
    117088     129044     129052     129050     129042
    117091     129052     129060     129058     129050
    117094     128856     129066     129044     128855
    117097     129066     129070     129052     129044
    117100     129070     129074     129060     129052
    117103     128928     129078     129066     128856
    117106     129078     129082     129070     129066
    117109     129082     129086     129074     129070
    117112     129060     129092     129090     129058
    117115     129092     129100     129098     129090
    117118     129100     129108     129106     129098
    117121     129074     129114     129092     129060
    117124     129114     129118     129100     129092
    117127     129118     129122     129108     129100
    117130     129086     129126     129114     129074
    117133     129126     129130     129118     129114
    117136     129130     129134     129122     129118
    117139     129108     129140     129138     129106
    117142     129140     129148     129146     129138
    117145     129148     129156     129154     129146
    117148     129122     129162     129140     129108
    117151     129162     129166     129148     129140
    117154     129166     129170     129156     129148
    117157     129134     129174     129162     129122
    117160     129174     129178     129166     129162
    117163     129178     129182     129170     129166
    117166     129156     129188     129186     129154
    117169     129188     129196     129194     129186
    117172     129196     128912     128924     129194
    117175     129170     129202     129188     129156
    117178     129202     129206     129196     129188
    117181     129206     128893     128912     129196
    117184     129182     129210     129202     129170
    117187     129210     129214     129206     129202
    117190     129214     128895     128893     129206
    117625     129709     128940     128880     128876
    117626     129712     129709     128876     128871
    117627     128936     129712     128871     128872
    117636     128936     128940     129709     129712
    117677     129749     128936     128872     129042
    117678     129751     129749     129042     129050
    117679     128939     129751     129050     129058
    117688     128939     128936     129749     129751
    117729     129781     128939     129058     129090
    117730     129783     129781     129090     129098
    117731     128949     129783     129098     129106
    117740     128949     128939     129781     129783
    117781     129813     128949     129106     129138
    117782     129815     129813     129138     129146
    117783     128951     129815     129146     129154
    117792     128951     128949     129813     129815
    117833     129845     128951     129154     129186
    117834     129847     129845     129186     129194
    117835     128952     129847     129194     128924
    117844     128952     128951     129845     129847
    117885     129877     128952     128924     128920
    117886     129879     129877     128920     128916
    117887     150354     129879     128916     150294
    117896     150354     128952     129877     129879
    136081     149903     149906     149902     149899
    136085     149906     149918     149916     149902
    136089     149918     149926     149924     149916
    136093     149926     149934     149932     149924
    136097     149934     149942     149940     149932
    136101     149942     171317     171313     149940
    136105     149947     149950     149906     149903
    136109     149950     149956     149918     149906
    136113     149956     149960     149926     149918
    136117     149960     149964     149934     149926
    136121     149964     149968     149942     149934
    136125     149968     171361     171317     149942
    136129     149971     149974     149950     149947
    136133     149974     149980     149956     149950
    136137     149980     149984     149960     149956
    136141     149984     149988     149964     149960
    136145     149988     149992     149968     149964
    136149     149992     171385     171361     149968
    136153     149995     149998     149974     149971
    136157     149998     150004     149980     149974
    136161     150004     150008     149984     149980
    136165     150008     150012     149988     149984
    136169     150012     150016     149992     149988
    136173     150016     171409     171385     149992
    136177     150019     150022     149998     149995
    136181     150022     150028     150004     149998
    136185     150028     150032     150008     150004
    136189     150032     150036     150012     150008
    136193     150036     150040     150016     150012
    136197     150040     171433     171409     150016
    136201     150043     150046     150022     150019
    136205     150046     150052     150028     150022
    136209     150052     150056     150032     150028
    136213     150056     150060     150036     150032
    136217     150060     150064     150040     150036
    136221     150064     171457     171433     150040
    136225     150067     150070     150046     150043
    136229     150070     150076     150052     150046
    136233     150076     150080     150056     150052
    136237     150080     150084     150060     150056
    136241     150084     150088     150064     150060
    136245     150088     171481     171457     150064
    136249     150091     150094     150070     150067
    136253     150094     150100     150076     150070
    136257     150100     150104     150080     150076
    136261     150104     150108     150084     150080
    136265     150108     150112     150088     150084
    136269     150112     171505     171481     150088
    136273     150115     150118     150094     150091
    136277     150118     150124     150100     150094
    136281     150124     150128     150104     150100
    136285     150128     150132     150108     150104
    136289     150132     150136     150112     150108
    136293     150136     171906     171505     150112
    136297     150139     150142     150118     150115
    136301     150142     150148     150124     150118
    136305     150148     150152     150128     150124
    136309     150152     150156     150132     150128
    136313     150156     150160     150136     150132
    136317     150160     171930     171906     150136
    136321     150163     150166     150142     150139
    136325     150166     150172     150148     150142
    136329     150172     150176     150152     150148
    136333     150176     150180     150156     150152
    136337     150180     150184     150160     150156
    136341     150184     171954     171930     150160
    136345     150187     150190     150166     150163
    136349     150190     150196     150172     150166
    136353     150196     150200     150176     150172
    136357     150200     150204     150180     150176
    136361     150204     150208     150184     150180
    136365     150208     171978     171954     150184
    136369     150211     150214     150190     150187
    136373     150214     150220     150196     150190
    136377     150220     150224     150200     150196
    136381     150224     150228     150204     150200
    136385     150228     150232     150208     150204
    136389     150232     172002     171978     150208
    136395     150249     150250     150248     150247
    136398     150258     150249     150247     150257
    136401     150248     150270     150269     150268
    136404     150247     150248     150268     150274
    136407     150257     150247     150274     150278
    136410     150268     150269     150286     150285
    136413     150274     150268     150285     150290
    136416     150278     150274     150290     150294
    136419     150309     150310     150308     150307
    136422     150318     172048     172069     150317
    136425     150308     150318     150317     150322
    136428     150307     150308     150322     150326
    136431     150317     172069     172081     150330
    136434     150322     150317     150330     150334
    136437     150326     150322     150334     150338
    136440     150250     150342     150270     150248
    136446     150350     150353     150220     150214
    136447     150354     150350     150214     150211
    136456     150363     150365     150228     150224
    136457     150365     150366     150232     150228
    136463     150353     150363     150224     150220
    136464     150366     172118     172002     150232
    136465     150310     150368     150318     150308
    136468     150368     172049     172048     150318
    136525     150269     150458     150456     150286
    136528     150458     150466     150464     150456
    136531     150466     150474     150472     150464
    136534     150270     150480     150458     150269
    136537     150480     150484     150466     150458
    136540     150484     150488     150474     150466
    136543     150342     150492     150480     150270
    136546     150492     150496     150484     150480
    136549     150496     150500     150488     150484
    136552     150474     150506     150504     150472
    136555     150506     150514     150512     150504
    136558     150514     150522     150520     150512
    136561     150488     150528     150506     150474
    136564     150528     150532     150514     150506
    136567     150532     150536     150522     150514
    136570     150500     150540     150528     150488
    136573     150540     150544     150532     150528
    136576     150544     150548     150536     150532
    136579     150522     150554     150552     150520
    136582     150554     150562     150560     150552
    136585     150562     150570     150568     150560
    136588     150536     150576     150554     150522
    136591     150576     150580     150562     150554
    136594     150580     150584     150570     150562
    136597     150548     150588     150576     150536
    136600     150588     150592     150580     150576
    136603     150592     150596     150584     150580
    136606     150570     150602     150600     150568
    136609     150602     150610     150608     150600
    136612     150610     150326     150338     150608
    136615     150584     150616     150602     150570
    136618     150616     150620     150610     150602
    136621     150620     150307     150326     150610
    136624     150596     150624     150616     150584
    136627     150624     150628     150620     150616
    136630     150628     150309     150307     150620
    137065     151123     150354     150294     150290
    137066     151126     151123     150290     150285
    137067     150350     151126     150285     150286
    137076     150350     150354     151123     151126
    137117     151163     150350     150286     150456
    137118     151165     151163     150456     150464
    137119     150353     151165     150464     150472
    137128     150353     150350     151163     151165
    137169     151195     150353     150472     150504
    137170     151197     151195     150504     150512
    137171     150363     151197     150512     150520
    137180     150363     150353     151195     151197
    137221     151227     150363     150520     150552
    137222     151229     151227     150552     150560
    137223     150365     151229     150560     150568
    137232     150365     150363     151227     151229
    137273     151259     150365     150568     150600
    137274     151261     151259     150600     150608
    137275     150366     151261     150608     150338
    137284     150366     150365     151259     151261
    137325     151291     150366     150338     150334
    137326     151293     151291     150334     150330
    137327     172118     151293     150330     172081
    137336     172118     150366     151291     151293
    155521     171317     171320     171316     171313
    155525     171320     171332     171330     171316
    155529     171332     171340     171338     171330
    155533     171340     171348     171346     171338
    155537     171348     171356     171354     171346
    155541     171356     192731     192727     171354
    155545     171361     171364     171320     171317
    155549     171364     171370     171332     171320
    155553     171370     171374     171340     171332
    155557     171374     171378     171348     171340
    155561     171378     171382     171356     171348
    155565     171382     192783     192731     171356
    155569     171385     171388     171364     171361
    155573     171388     171394     171370     171364
    155577     171394     171398     171374     171370
    155581     171398     171402     171378     171374
    155585     171402     171406     171382     171378
    155589     171406     192811     192783     171382
    155593     171409     171412     171388     171385
    155597     171412     171418     171394     171388
    155601     171418     171422     171398     171394
    155605     171422     171426     171402     171398
    155609     171426     171430     171406     171402
    155613     171430     192839     192811     171406
    155617     171433     171436     171412     171409
    155621     171436     171442     171418     171412
    155625     171442     171446     171422     171418
    155629     171446     171450     171426     171422
    155633     171450     171454     171430     171426
    155637     171454     192867     192839     171430
    155641     171457     171460     171436     171433
    155645     171460     171466     171442     171436
    155649     171466     171470     171446     171442
    155653     171470     171474     171450     171446
    155657     171474     171478     171454     171450
    155661     171478     192895     192867     171454
    155665     171481     171484     171460     171457
    155669     171484     171490     171466     171460
    155673     171490     171494     171470     171466
    155677     171494     171498     171474     171470
    155681     171498     171502     171478     171474
    155685     171502     192923     192895     171478
    155689     171505     171508     171484     171481
    155693     171508     171514     171490     171484
    155697     171514     171518     171494     171490
    155701     171518     171522     171498     171494
    155705     171522     171526     171502     171498
    155709     171526     192951     192923     171502
    155725     171557     171556     171552     171553
    155726     171562     171557     171553     171560
    155727     171566     171562     171560     171564
    155736     171566     171556     171557     171562
    155777     171644     171566     171564     171642
    155778     171648     171644     171642     171646
    155779     171652     171648     171646     171650
    155788     171652     171566     171644     171648
    155829     171716     171652     171650     171714
    155830     171720     171716     171714     171718
    155831     171724     171720     171718     171722
    155840     171724     171652     171716     171720
    155881     171788     171724     171722     171786
    155882     171792     171788     171786     171790
    155883     171796     171792     171790     171794
    155892     171796     171724     171788     171792
    155933     171860     171796     171794     171858
    155934     171864     171860     171858     171862
    155935     193620     171864     171862     193575
    155944     193620     171796     171860     171864
    155985     171906     171909     171508     171505
    155989     171909     171915     171514     171508
    155993     171915     171919     171518     171514
    155997     171919     171923     171522     171518
    156001     171923     171927     171526     171522
    156005     171927     193380     192951     171526
    156009     171930     171933     171909     171906
    156013     171933     171939     171915     171909
    156017     171939     171943     171919     171915
    156021     171943     171947     171923     171919
    156025     171947     171951     171927     171923
    156029     171951     193408     193380     171927
    156033     171954     171957     171933     171930
    156037     171957     171963     171939     171933
    156041     171963     171967     171943     171939
    156045     171967     171971     171947     171943
    156049     171971     171975     171951     171947
    156053     171975     193436     193408     171951
    156057     171978     171981     171957     171954
    156061     171981     171987     171963     171957
    156065     171987     171991     171967     171963
    156069     171991     171995     171971     171967
    156073     171995     171999     171975     171971
    156077     171999     193464     193436     171975
    156081     172002     172005     171981     171978
    156085     172005     172011     171987     171981
    156089     172011     172015     171991     171987
    156093     172015     172019     171995     171991
    156097     172019     172023     171999     171995
    156101     172023     193492     193464     171999
    156107     172040     172041     172039     172038
    156110     172049     172040     172038     172048
    156113     172039     172061     172060     172059
    156116     172038     172039     172059     172065
    156119     172048     172038     172065     172069
    156122     172059     172060     171552     172073
    156125     172065     172059     172073     172077
    156128     172069     172065     172077     172081
    156131     172096     172097     172095     172094
    156134     172105     193542     193563     172104
    156137     172095     172105     172104     172109
    156140     172094     172095     172109     172113
    156143     172104     193563     193575     171862
    156146     172109     172104     171862     171858
    156149     172113     172109     171858     171794
    156152     172041     172117     172061     172039
    156158     171556     171566     172011     172005
    156159     172118     171556     172005     172002
    156168     171652     171724     172019     172015
    156169     171724     171796     172023     172019
    156175     171566     171652     172015     172011
    156176     171796     193620     193492     172023
    156177     172097     172122     172105     172095
    156180     172122     193543     193542     172105
    156237     172060     172190     171553     171552
    156240     172190     172194     171560     171553
    156243     172194     172198     171564     171560
    156246     172061     172202     172190     172060
    156249     172202     172206     172194     172190
    156252     172206     172210     172198     172194
    156255     172117     172214     172202     172061
    156258     172214     172218     172206     172202
    156261     172218     172222     172210     172206
    156264     172198     172226     171642     171564
    156267     172226     172230     171646     171642
    156270     172230     172234     171650     171646
    156273     172210     172238     172226     172198
    156276     172238     172242     172230     172226
    156279     172242     172246     172234     172230
    156282     172222     172250     172238     172210
    156285     172250     172254     172242     172238
    156288     172254     172258     172246     172242
    156291     172234     172262     171714     171650
    156294     172262     172266     171718     171714
    156297     172266     172270     171722     171718
    156300     172246     172274     172262     172234
    156303     172274     172278     172266     172262
    156306     172278     172282     172270     172266
    156309     172258     172286     172274     172246
    156312     172286     172290     172278     172274
    156315     172290     172294     172282     172278
    156318     172270     172298     171786     171722
    156321     172298     172302     171790     171786
    156324     172302     172113     171794     171790
    156327     172282     172306     172298     172270
    156330     172306     172310     172302     172298
    156333     172310     172094     172113     172302
    156336     172294     172314     172306     172282
    156339     172314     172318     172310     172306
    156342     172318     172096     172094     172310
    156777     172705     172118     172081     172077
    156778     172708     172705     172077     172073
    156779     171556     172708     172073     171552
    156788     171556     172118     172705     172708
    174961     192731     192734     192730     192727
    174965     192734     192746     192744     192730
    174969     192746     192754     192752     192744
    174973     192754     192762     192760     192752
    174977     192762     192770     192768     192760
    174981     192770     192778     192776     192768
    174985     192783     192786     192734     192731
    174989     192786     192792     192746     192734
    174993     192792     192796     192754     192746
    174997     192796     192800     192762     192754
    175001     192800     192804     192770     192762
    175005     192804     192808     192778     192770
    175009     192811     192814     192786     192783
    175013     192814     192820     192792     192786
    175017     192820     192824     192796     192792
    175021     192824     192828     192800     192796
    175025     192828     192832     192804     192800
    175029     192832     192836     192808     192804
    175033     192839     192842     192814     192811
    175037     192842     192848     192820     192814
    175041     192848     192852     192824     192820
    175045     192852     192856     192828     192824
    175049     192856     192860     192832     192828
    175053     192860     192864     192836     192832
    175057     192867     192870     192842     192839
    175061     192870     192876     192848     192842
    175065     192876     192880     192852     192848
    175069     192880     192884     192856     192852
    175073     192884     192888     192860     192856
    175077     192888     192892     192864     192860
    175081     192895     192898     192870     192867
    175085     192898     192904     192876     192870
    175089     192904     192908     192880     192876
    175093     192908     192912     192884     192880
    175097     192912     192916     192888     192884
    175101     192916     192920     192892     192888
    175105     192923     192926     192898     192895
    175109     192926     192932     192904     192898
    175113     192932     192936     192908     192904
    175117     192936     192940     192912     192908
    175121     192940     192944     192916     192912
    175125     192944     192948     192920     192916
    175129     192951     192954     192926     192923
    175133     192954     192960     192932     192926
    175137     192960     192964     192936     192932
    175141     192964     192968     192940     192936
    175145     192968     192972     192944     192940
    175149     192972     192976     192948     192944
    175165     193007     193006     193002     193003
    175166     193012     193007     193003     193010
    175167     193016     193012     193010     193014
    175176     193016     193006     193007     193012
    175217     193094     193016     193014     193092
    175218     193098     193094     193092     193096
    175219     193102     193098     193096     193100
    175228     193102     193016     193094     193098
    175269     193166     193102     193100     193164
    175270     193170     193166     193164     193168
    175271     193174     193170     193168     193172
    175280     193174     193102     193166     193170
    175321     193238     193174     193172     193236
    175322     193242     193238     193236     193240
    175323     193246     193242     193240     193244
    175332     193246     193174     193238     193242
    175373     193310     193246     193244     193308
    175374     193314     193310     193308     193312
    175375     193318     193314     193312     193316
    175384     193318     193246     193310     193314
    175425     193380     193383     192954     192951
    175429     193383     193389     192960     192954
    175433     193389     193393     192964     192960
    175437     193393     193397     192968     192964
    175441     193397     193401     192972     192968
    175445     193401     193405     192976     192972
    175449     193408     193411     193383     193380
    175453     193411     193417     193389     193383
    175457     193417     193421     193393     193389
    175461     193421     193425     193397     193393
    175465     193425     193429     193401     193397
    175469     193429     193433     193405     193401
    175473     193436     193439     193411     193408
    175477     193439     193445     193417     193411
    175481     193445     193449     193421     193417
    175485     193449     193453     193425     193421
    175489     193453     193457     193429     193425
    175493     193457     193461     193433     193429
    175497     193464     193467     193439     193436
    175501     193467     193473     193445     193439
    175505     193473     193477     193449     193445
    175509     193477     193481     193453     193449
    175513     193481     193485     193457     193453
    175517     193485     193489     193461     193457
    175521     193492     193495     193467     193464
    175525     193495     193501     193473     193467
    175529     193501     193505     193477     193473
    175533     193505     193509     193481     193477
    175537     193509     193513     193485     193481
    175541     193513     193517     193489     193485
    175547     193534     193535     193533     193532
    175550     193543     193534     193532     193542
    175553     193533     193555     193554     193553
    175556     193532     193533     193553     193559
    175559     193542     193532     193559     193563
    175562     193553     193554     193002     193567
    175565     193559     193553     193567     193571
    175568     193563     193559     193571     193575
    175571     193590     193591     193589     193588
    175574     193606     193607     193605     193604
    175577     193589     193606     193604     193611
    175580     193588     193589     193611     193615
    175583     193604     193605     193316     193312
    175586     193611     193604     193312     193308
    175589     193615     193611     193308     193244
    175592     193535     193619     193555     193533
    175598     193006     193016     193501     193495
    175599     193620     193006     193495     193492
    175608     193102     193174     193509     193505
    175609     193174     193246     193513     193509
    175615     193016     193102     193505     193501
    175616     193246     193318     193517     193513
    175617     193591     193624     193606     193589
    175620     193624     193628     193607     193606
    175677     193554     193705     193003     193002
    175680     193705     193709     193010     193003
    175683     193709     193713     193014     193010
    175686     193555     193717     193705     193554
    175689     193717     193721     193709     193705
    175692     193721     193725     193713     193709
    175695     193619     193729     193717     193555
    175698     193729     193733     193721     193717
    175701     193733     193737     193725     193721
    175704     193713     193741     193092     193014
    175707     193741     193745     193096     193092
    175710     193745     193749     193100     193096
    175713     193725     193753     193741     193713
    175716     193753     193757     193745     193741
    175719     193757     193761     193749     193745
    175722     193737     193765     193753     193725
    175725     193765     193769     193757     193753
    175728     193769     193773     193761     193757
    175731     193749     193777     193164     193100
    175734     193777     193781     193168     193164
    175737     193781     193785     193172     193168
    175740     193761     193789     193777     193749
    175743     193789     193793     193781     193777
    175746     193793     193797     193785     193781
    175749     193773     193801     193789     193761
    175752     193801     193805     193793     193789
    175755     193805     193809     193797     193793
    175758     193785     193813     193236     193172
    175761     193813     193817     193240     193236
    175764     193817     193615     193244     193240
    175767     193797     193821     193813     193785
    175770     193821     193825     193817     193813
    175773     193825     193588     193615     193817
    175776     193809     193829     193821     193797
    175779     193829     193833     193825     193821
    175782     193833     193590     193588     193825
    176217     194235     193620     193575     193571
    176218     194238     194235     193571     193567
    176219     193006     194238     193567     193002
    176228     193006     193620     194235     194238
